 # Time,     Mach,      alfa,      beta,      Cd,      Cd0,     Cdd2,     CL_alfa,     Cn_p_alfa,     Cn_q_alfa 
5.000e-04, 2.933e+00, 8.417e-06, 7.858e-07, 3.200e-01, 3.200e-01, 4.400e+00, 2.850e+00, -6.700e-01, 0.000e+00
1.000e-03, 2.929e+00, 1.295e-05, 1.947e-06, 3.200e-01, 3.200e-01, 4.400e+00, 2.850e+00, -6.700e-01, 0.000e+00
1.500e-03, 2.925e+00, 1.682e-05, 3.485e-06, 3.200e-01, 3.200e-01, 4.400e+00, 2.850e+00, -6.700e-01, 0.000e+00
2.000e-03, 2.924e+00, 1.764e-05, 3.897e-06, 3.200e-01, 3.200e-01, 4.400e+00, 2.850e+00, -6.700e-01, 0.000e+00
2.500e-03, 2.921e+00, 2.106e-05, 6.070e-06, 3.200e-01, 3.200e-01, 4.400e+00, 2.850e+00, -6.700e-01, 0.000e+00
3.000e-03, 2.917e+00, 2.376e-05, 8.671e-06, 3.200e-01, 3.200e-01, 4.400e+00, 2.850e+00, -6.700e-01, 0.000e+00
3.500e-03, 2.913e+00, 2.560e-05, 1.159e-05, 3.200e-01, 3.200e-01, 4.400e+00, 2.850e+00, -6.700e-01, 0.000e+00
4.000e-03, 2.910e+00, 2.643e-05, 1.441e-05, 3.200e-01, 3.200e-01, 4.400e+00, 2.850e+00, -6.700e-01, 0.000e+00
4.500e-03, 2.906e+00, 2.645e-05, 1.738e-05, 3.200e-01, 3.200e-01, 4.400e+00, 2.850e+00, -6.700e-01, 0.000e+00
5.000e-03, 2.903e+00, 2.564e-05, 2.042e-05, 3.200e-01, 3.200e-01, 4.400e+00, 2.850e+00, -6.700e-01, 0.000e+00
5.500e-03, 2.899e+00, 2.399e-05, 2.345e-05, 3.200e-01, 3.200e-01, 4.400e+00, 2.850e+00, -6.700e-01, 0.000e+00
6.000e-03, 2.895e+00, 2.152e-05, 2.641e-05, 3.200e-01, 3.200e-01, 4.400e+00, 2.850e+00, -6.700e-01, 0.000e+00
6.500e-03, 2.892e+00, 1.827e-05, 2.920e-05, 3.200e-01, 3.200e-01, 4.400e+00, 2.850e+00, -6.700e-01, 0.000e+00
7.000e-03, 2.889e+00, 1.479e-05, 3.149e-05, 3.200e-01, 3.200e-01, 4.400e+00, 2.850e+00, -6.700e-01, 0.000e+00
7.500e-03, 2.885e+00, 1.071e-05, 3.359e-05, 3.200e-01, 3.200e-01, 4.400e+00, 2.850e+00, -6.700e-01, 0.000e+00
8.000e-03, 2.882e+00, 6.124e-06, 3.541e-05, 3.200e-01, 3.200e-01, 4.400e+00, 2.850e+00, -6.700e-01, 0.000e+00
8.500e-03, 2.879e+00, 1.139e-06, 3.689e-05, 3.200e-01, 3.200e-01, 4.400e+00, 2.850e+00, -6.700e-01, 0.000e+00
9.000e-03, 2.875e+00, -4.127e-06, 3.798e-05, 3.200e-01, 3.200e-01, 4.400e+00, 2.850e+00, -6.700e-01, 0.000e+00
9.500e-03, 2.872e+00, -9.564e-06, 3.862e-05, 3.200e-01, 3.200e-01, 4.400e+00, 2.850e+00, -6.700e-01, 0.000e+00
1.000e-02, 2.868e+00, -1.504e-05, 3.879e-05, 3.200e-01, 3.200e-01, 4.400e+00, 2.850e+00, -6.700e-01, 0.000e+00
1.050e-02, 2.865e+00, -2.041e-05, 3.847e-05, 3.200e-01, 3.200e-01, 4.400e+00, 2.850e+00, -6.700e-01, 0.000e+00
1.100e-02, 2.861e+00, -2.556e-05, 3.764e-05, 3.200e-01, 3.200e-01, 4.400e+00, 2.850e+00, -6.700e-01, 0.000e+00
1.150e-02, 2.858e+00, -3.036e-05, 3.629e-05, 3.200e-01, 3.200e-01, 4.400e+00, 2.850e+00, -6.700e-01, 0.000e+00
1.200e-02, 2.854e+00, -3.471e-05, 3.443e-05, 3.200e-01, 3.200e-01, 4.400e+00, 2.850e+00, -6.700e-01, 0.000e+00
1.250e-02, 2.851e+00, -3.849e-05, 3.204e-05, 3.200e-01, 3.200e-01, 4.400e+00, 2.850e+00, -6.700e-01, 0.000e+00
1.300e-02, 2.847e+00, -4.160e-05, 2.913e-05, 3.200e-01, 3.200e-01, 4.400e+00, 2.850e+00, -6.700e-01, 0.000e+00
1.350e-02, 2.843e+00, -4.396e-05, 2.565e-05, 3.200e-01, 3.200e-01, 4.400e+00, 2.850e+00, -6.700e-01, 0.000e+00
1.400e-02, 2.840e+00, -4.519e-05, 2.240e-05, 3.200e-01, 3.200e-01, 4.400e+00, 2.850e+00, -6.700e-01, 0.000e+00
1.450e-02, 2.836e+00, -4.572e-05, 1.891e-05, 3.200e-01, 3.200e-01, 4.400e+00, 2.850e+00, -6.700e-01, 0.000e+00
1.500e-02, 2.833e+00, -4.554e-05, 1.519e-05, 3.200e-01, 3.200e-01, 4.400e+00, 2.850e+00, -6.700e-01, 0.000e+00
1.550e-02, 2.830e+00, -4.463e-05, 1.130e-05, 3.200e-01, 3.200e-01, 4.400e+00, 2.850e+00, -6.700e-01, 0.000e+00
1.600e-02, 2.826e+00, -4.303e-05, 7.282e-06, 3.200e-01, 3.200e-01, 4.400e+00, 2.850e+00, -6.700e-01, 0.000e+00
1.650e-02, 2.823e+00, -4.076e-05, 3.209e-06, 3.200e-01, 3.200e-01, 4.400e+00, 2.850e+00, -6.700e-01, 0.000e+00
1.700e-02, 2.820e+00, -3.819e-05, -4.700e-07, 3.200e-01, 3.200e-01, 4.400e+00, 2.850e+00, -6.700e-01, 0.000e+00
1.750e-02, 2.817e+00, -3.509e-05, -4.207e-06, 3.200e-01, 3.200e-01, 4.400e+00, 2.850e+00, -6.700e-01, 0.000e+00
1.800e-02, 2.814e+00, -3.154e-05, -7.917e-06, 3.200e-01, 3.200e-01, 4.400e+00, 2.850e+00, -6.700e-01, 0.000e+00
1.850e-02, 2.810e+00, -2.761e-05, -1.154e-05, 3.200e-01, 3.200e-01, 4.400e+00, 2.850e+00, -6.700e-01, 0.000e+00
1.900e-02, 2.807e+00, -2.340e-05, -1.501e-05, 3.200e-01, 3.200e-01, 4.400e+00, 2.850e+00, -6.700e-01, 0.000e+00
1.950e-02, 2.804e+00, -1.900e-05, -1.830e-05, 3.200e-01, 3.200e-01, 4.400e+00, 2.850e+00, -6.700e-01, 0.000e+00
2.000e-02, 2.801e+00, -1.452e-05, -2.137e-05, 3.200e-01, 3.200e-01, 4.400e+00, 2.850e+00, -6.700e-01, 0.000e+00
2.050e-02, 2.797e+00, -1.005e-05, -2.419e-05, 3.200e-01, 3.200e-01, 4.400e+00, 2.850e+00, -6.700e-01, 0.000e+00
2.100e-02, 2.794e+00, -5.700e-06, -2.674e-05, 3.200e-01, 3.200e-01, 4.400e+00, 2.850e+00, -6.700e-01, 0.000e+00
2.150e-02, 2.791e+00, -1.559e-06, -2.900e-05, 3.200e-01, 3.200e-01, 4.400e+00, 2.850e+00, -6.700e-01, 0.000e+00
2.200e-02, 2.787e+00, 2.282e-06, -3.096e-05, 3.200e-01, 3.200e-01, 4.400e+00, 2.850e+00, -6.700e-01, 0.000e+00
2.250e-02, 2.784e+00, 5.746e-06, -3.262e-05, 3.200e-01, 3.200e-01, 4.400e+00, 2.850e+00, -6.700e-01, 0.000e+00
2.300e-02, 2.780e+00, 8.756e-06, -3.399e-05, 3.200e-01, 3.200e-01, 4.400e+00, 2.850e+00, -6.700e-01, 0.000e+00
2.350e-02, 2.778e+00, 1.026e-05, -3.464e-05, 3.200e-01, 3.200e-01, 4.400e+00, 2.850e+00, -6.700e-01, 0.000e+00
2.400e-02, 2.774e+00, 1.237e-05, -3.552e-05, 3.200e-01, 3.200e-01, 4.400e+00, 2.850e+00, -6.700e-01, 0.000e+00
2.450e-02, 2.771e+00, 1.361e-05, -3.603e-05, 3.200e-01, 3.200e-01, 4.400e+00, 2.850e+00, -6.700e-01, 0.000e+00
2.500e-02, 2.768e+00, 1.429e-05, -3.632e-05, 3.200e-01, 3.200e-01, 4.400e+00, 2.850e+00, -6.700e-01, 0.000e+00
2.550e-02, 2.765e+00, 1.441e-05, -3.640e-05, 3.200e-01, 3.200e-01, 4.400e+00, 2.850e+00, -6.700e-01, 0.000e+00
2.600e-02, 2.762e+00, 1.401e-05, -3.632e-05, 3.200e-01, 3.200e-01, 4.400e+00, 2.850e+00, -6.700e-01, 0.000e+00
2.650e-02, 2.759e+00, 1.325e-05, -3.613e-05, 3.200e-01, 3.200e-01, 4.400e+00, 2.850e+00, -6.700e-01, 0.000e+00
2.700e-02, 2.754e+00, 1.134e-05, -3.564e-05, 3.200e-01, 3.200e-01, 4.400e+00, 2.850e+00, -6.700e-01, 0.000e+00
2.750e-02, 2.752e+00, 9.642e-06, -3.521e-05, 3.200e-01, 3.200e-01, 4.400e+00, 2.850e+00, -6.700e-01, 0.000e+00
2.800e-02, 2.749e+00, 7.607e-06, -3.471e-05, 3.200e-01, 3.200e-01, 4.400e+00, 2.850e+00, -6.700e-01, 0.000e+00
2.850e-02, 2.745e+00, 5.299e-06, -3.416e-05, 3.200e-01, 3.200e-01, 4.400e+00, 2.850e+00, -6.700e-01, 0.000e+00
2.900e-02, 2.742e+00, 2.784e-06, -3.358e-05, 3.200e-01, 3.200e-01, 4.400e+00, 2.850e+00, -6.700e-01, 0.000e+00
2.950e-02, 2.739e+00, 1.372e-07, -3.299e-05, 3.200e-01, 3.200e-01, 4.400e+00, 2.850e+00, -6.700e-01, 0.000e+00
3.000e-02, 2.736e+00, -2.564e-06, -3.240e-05, 3.200e-01, 3.200e-01, 4.400e+00, 2.850e+00, -6.700e-01, 0.000e+00
3.050e-02, 2.733e+00, -5.242e-06, -3.183e-05, 3.200e-01, 3.200e-01, 4.400e+00, 2.850e+00, -6.700e-01, 0.000e+00
3.100e-02, 2.730e+00, -7.821e-06, -3.128e-05, 3.200e-01, 3.200e-01, 4.400e+00, 2.850e+00, -6.700e-01, 0.000e+00
3.150e-02, 2.727e+00, -1.021e-05, -3.075e-05, 3.200e-01, 3.200e-01, 4.400e+00, 2.850e+00, -6.700e-01, 0.000e+00
3.200e-02, 2.723e+00, -1.234e-05, -3.027e-05, 3.200e-01, 3.200e-01, 4.400e+00, 2.850e+00, -6.700e-01, 0.000e+00
3.250e-02, 2.720e+00, -1.413e-05, -2.982e-05, 3.200e-01, 3.200e-01, 4.400e+00, 2.850e+00, -6.700e-01, 0.000e+00
3.300e-02, 2.718e+00, -1.497e-05, -2.957e-05, 3.200e-01, 3.200e-01, 4.400e+00, 2.850e+00, -6.700e-01, 0.000e+00
3.350e-02, 2.715e+00, -1.607e-05, -2.917e-05, 3.200e-01, 3.200e-01, 4.400e+00, 2.850e+00, -6.700e-01, 0.000e+00
3.400e-02, 2.711e+00, -1.665e-05, -2.878e-05, 3.200e-01, 3.200e-01, 4.400e+00, 2.850e+00, -6.700e-01, 0.000e+00
3.450e-02, 2.708e+00, -1.664e-05, -2.841e-05, 3.200e-01, 3.200e-01, 4.400e+00, 2.850e+00, -6.700e-01, 0.000e+00
3.500e-02, 2.705e+00, -1.612e-05, -2.808e-05, 3.200e-01, 3.200e-01, 4.400e+00, 2.850e+00, -6.700e-01, 0.000e+00
3.550e-02, 2.702e+00, -1.510e-05, -2.773e-05, 3.200e-01, 3.200e-01, 4.400e+00, 2.850e+00, -6.700e-01, 0.000e+00
3.600e-02, 2.699e+00, -1.359e-05, -2.735e-05, 3.200e-01, 3.200e-01, 4.400e+00, 2.850e+00, -6.700e-01, 0.000e+00
3.650e-02, 2.696e+00, -1.183e-05, -2.698e-05, 3.200e-01, 3.200e-01, 4.400e+00, 2.850e+00, -6.700e-01, 0.000e+00
3.700e-02, 2.693e+00, -9.764e-06, -2.657e-05, 3.200e-01, 3.200e-01, 4.400e+00, 2.850e+00, -6.700e-01, 0.000e+00
3.750e-02, 2.691e+00, -7.271e-06, -2.609e-05, 3.200e-01, 3.200e-01, 4.400e+00, 2.850e+00, -6.700e-01, 0.000e+00
3.800e-02, 2.686e+00, -2.954e-06, -2.525e-05, 3.200e-01, 3.200e-01, 4.400e+00, 2.850e+00, -6.700e-01, 0.000e+00
3.850e-02, 2.683e+00, 2.843e-07, -2.458e-05, 3.200e-01, 3.200e-01, 4.400e+00, 2.850e+00, -6.700e-01, 0.000e+00
3.900e-02, 2.681e+00, 3.772e-06, -2.381e-05, 3.200e-01, 3.200e-01, 4.400e+00, 2.850e+00, -6.700e-01, 0.000e+00
3.950e-02, 2.678e+00, 7.453e-06, -2.293e-05, 3.200e-01, 3.200e-01, 4.400e+00, 2.850e+00, -6.700e-01, 0.000e+00
4.000e-02, 2.675e+00, 1.126e-05, -2.194e-05, 3.200e-01, 3.200e-01, 4.400e+00, 2.850e+00, -6.700e-01, 0.000e+00
4.050e-02, 2.672e+00, 1.511e-05, -2.082e-05, 3.200e-01, 3.200e-01, 4.400e+00, 2.850e+00, -6.700e-01, 0.000e+00
4.100e-02, 2.669e+00, 1.895e-05, -1.958e-05, 3.200e-01, 3.200e-01, 4.400e+00, 2.850e+00, -6.700e-01, 0.000e+00
4.150e-02, 2.666e+00, 2.269e-05, -1.821e-05, 3.200e-01, 3.200e-01, 4.400e+00, 2.850e+00, -6.700e-01, 0.000e+00
4.200e-02, 2.662e+00, 2.627e-05, -1.671e-05, 3.200e-01, 3.200e-01, 4.400e+00, 2.850e+00, -6.700e-01, 0.000e+00
4.250e-02, 2.659e+00, 2.963e-05, -1.508e-05, 3.200e-01, 3.200e-01, 4.400e+00, 2.850e+00, -6.700e-01, 0.000e+00
4.300e-02, 2.658e+00, 3.141e-05, -1.410e-05, 3.200e-01, 3.200e-01, 4.400e+00, 2.850e+00, -6.700e-01, 0.000e+00
4.350e-02, 2.655e+00, 3.425e-05, -1.230e-05, 3.200e-01, 3.200e-01, 4.400e+00, 2.850e+00, -6.700e-01, 0.000e+00
4.400e-02, 2.651e+00, 3.672e-05, -1.037e-05, 3.200e-01, 3.200e-01, 4.400e+00, 2.850e+00, -6.700e-01, 0.000e+00
4.450e-02, 2.648e+00, 3.877e-05, -8.301e-06, 3.200e-01, 3.200e-01, 4.400e+00, 2.850e+00, -6.700e-01, 0.000e+00
4.500e-02, 2.645e+00, 4.034e-05, -6.062e-06, 3.200e-01, 3.200e-01, 4.400e+00, 2.850e+00, -6.700e-01, 0.000e+00
4.550e-02, 2.642e+00, 4.124e-05, -4.044e-06, 3.200e-01, 3.200e-01, 4.400e+00, 2.850e+00, -6.700e-01, 0.000e+00
4.600e-02, 2.639e+00, 4.166e-05, -2.011e-06, 3.200e-01, 3.200e-01, 4.400e+00, 2.850e+00, -6.700e-01, 0.000e+00
4.650e-02, 2.636e+00, 4.161e-05, 5.815e-08, 3.200e-01, 3.200e-01, 4.400e+00, 2.850e+00, -6.700e-01, 0.000e+00
4.700e-02, 2.633e+00, 4.111e-05, 2.154e-06, 3.200e-01, 3.200e-01, 4.400e+00, 2.850e+00, -6.700e-01, 0.000e+00
4.750e-02, 2.630e+00, 4.023e-05, 4.105e-06, 3.200e-01, 3.200e-01, 4.400e+00, 2.850e+00, -6.700e-01, 0.000e+00
4.800e-02, 2.628e+00, 3.907e-05, 5.925e-06, 3.200e-01, 3.200e-01, 4.400e+00, 2.850e+00, -6.700e-01, 0.000e+00
4.850e-02, 2.625e+00, 3.755e-05, 7.801e-06, 3.200e-01, 3.200e-01, 4.400e+00, 2.850e+00, -6.700e-01, 0.000e+00
4.900e-02, 2.622e+00, 3.567e-05, 9.692e-06, 3.200e-01, 3.200e-01, 4.400e+00, 2.850e+00, -6.700e-01, 0.000e+00
4.950e-02, 2.620e+00, 3.348e-05, 1.157e-05, 3.200e-01, 3.200e-01, 4.400e+00, 2.850e+00, -6.700e-01, 0.000e+00
5.000e-02, 2.617e+00, 3.101e-05, 1.342e-05, 3.200e-01, 3.200e-01, 4.400e+00, 2.850e+00, -6.700e-01, 0.000e+00
5.050e-02, 2.614e+00, 2.832e-05, 1.524e-05, 3.200e-01, 3.200e-01, 4.400e+00, 2.850e+00, -6.700e-01, 0.000e+00
5.100e-02, 2.611e+00, 2.544e-05, 1.700e-05, 3.200e-01, 3.200e-01, 4.400e+00, 2.850e+00, -6.700e-01, 0.000e+00
5.150e-02, 2.608e+00, 2.243e-05, 1.871e-05, 3.200e-01, 3.200e-01, 4.400e+00, 2.850e+00, -6.700e-01, 0.000e+00
5.200e-02, 2.606e+00, 1.933e-05, 2.036e-05, 3.200e-01, 3.200e-01, 4.400e+00, 2.850e+00, -6.700e-01, 0.000e+00
5.250e-02, 2.603e+00, 1.621e-05, 2.195e-05, 3.200e-01, 3.200e-01, 4.400e+00, 2.850e+00, -6.700e-01, 0.000e+00
5.300e-02, 2.600e+00, 1.310e-05, 2.348e-05, 3.200e-01, 3.200e-01, 4.400e+00, 2.850e+00, -6.700e-01, 0.000e+00
5.350e-02, 2.597e+00, 1.005e-05, 2.494e-05, 3.200e-01, 3.200e-01, 4.400e+00, 2.850e+00, -6.700e-01, 0.000e+00
5.400e-02, 2.594e+00, 7.120e-06, 2.635e-05, 3.200e-01, 3.200e-01, 4.400e+00, 2.850e+00, -6.700e-01, 0.000e+00
5.450e-02, 2.591e+00, 4.334e-06, 2.771e-05, 3.200e-01, 3.200e-01, 4.400e+00, 2.850e+00, -6.700e-01, 0.000e+00
5.500e-02, 2.588e+00, 1.731e-06, 2.901e-05, 3.200e-01, 3.200e-01, 4.400e+00, 2.850e+00, -6.700e-01, 0.000e+00
5.550e-02, 2.585e+00, -6.626e-07, 3.028e-05, 3.200e-01, 3.200e-01, 4.400e+00, 2.850e+00, -6.700e-01, 0.000e+00
5.600e-02, 2.582e+00, -2.830e-06, 3.153e-05, 3.200e-01, 3.200e-01, 4.400e+00, 2.850e+00, -6.700e-01, 0.000e+00
5.650e-02, 2.579e+00, -4.532e-06, 3.262e-05, 3.200e-01, 3.200e-01, 4.400e+00, 2.850e+00, -6.700e-01, 0.000e+00
5.700e-02, 2.576e+00, -5.880e-06, 3.362e-05, 3.200e-01, 3.200e-01, 4.400e+00, 2.850e+00, -6.700e-01, 0.000e+00
5.750e-02, 2.574e+00, -6.956e-06, 3.458e-05, 3.200e-01, 3.200e-01, 4.400e+00, 2.850e+00, -6.700e-01, 0.000e+00
5.800e-02, 2.571e+00, -7.765e-06, 3.550e-05, 3.200e-01, 3.200e-01, 4.400e+00, 2.850e+00, -6.700e-01, 0.000e+00
5.850e-02, 2.568e+00, -8.317e-06, 3.638e-05, 3.200e-01, 3.200e-01, 4.400e+00, 2.850e+00, -6.700e-01, 0.000e+00
5.900e-02, 2.565e+00, -8.627e-06, 3.723e-05, 3.200e-01, 3.200e-01, 4.400e+00, 2.850e+00, -6.700e-01, 0.000e+00
5.950e-02, 2.563e+00, -8.713e-06, 3.799e-05, 3.200e-01, 3.200e-01, 4.400e+00, 2.850e+00, -6.700e-01, 0.000e+00
6.000e-02, 2.560e+00, -8.619e-06, 3.872e-05, 3.200e-01, 3.200e-01, 4.400e+00, 2.850e+00, -6.700e-01, 0.000e+00
6.050e-02, 2.558e+00, -8.360e-06, 3.942e-05, 3.200e-01, 3.200e-01, 4.400e+00, 2.850e+00, -6.700e-01, 0.000e+00
6.100e-02, 2.555e+00, -7.955e-06, 4.009e-05, 3.200e-01, 3.200e-01, 4.400e+00, 2.850e+00, -6.700e-01, 0.000e+00
6.150e-02, 2.552e+00, -7.430e-06, 4.071e-05, 3.200e-01, 3.200e-01, 4.400e+00, 2.850e+00, -6.700e-01, 0.000e+00
6.200e-02, 2.550e+00, -6.815e-06, 4.129e-05, 3.200e-01, 3.200e-01, 4.400e+00, 2.850e+00, -6.700e-01, 0.000e+00
6.250e-02, 2.547e+00, -6.144e-06, 4.180e-05, 3.200e-01, 3.200e-01, 4.400e+00, 2.850e+00, -6.700e-01, 0.000e+00
6.300e-02, 2.544e+00, -5.450e-06, 4.224e-05, 3.200e-01, 3.200e-01, 4.400e+00, 2.850e+00, -6.700e-01, 0.000e+00
6.350e-02, 2.541e+00, -4.769e-06, 4.261e-05, 3.200e-01, 3.200e-01, 4.400e+00, 2.850e+00, -6.700e-01, 0.000e+00
6.400e-02, 2.539e+00, -4.134e-06, 4.288e-05, 3.200e-01, 3.200e-01, 4.400e+00, 2.850e+00, -6.700e-01, 0.000e+00
6.450e-02, 2.536e+00, -3.581e-06, 4.304e-05, 3.200e-01, 3.200e-01, 4.400e+00, 2.850e+00, -6.700e-01, 0.000e+00
6.500e-02, 2.533e+00, -3.141e-06, 4.308e-05, 3.200e-01, 3.200e-01, 4.400e+00, 2.850e+00, -6.700e-01, 0.000e+00
6.550e-02, 2.530e+00, -2.846e-06, 4.299e-05, 3.200e-01, 3.200e-01, 4.400e+00, 2.850e+00, -6.700e-01, 0.000e+00
6.600e-02, 2.527e+00, -2.728e-06, 4.274e-05, 3.200e-01, 3.200e-01, 4.400e+00, 2.850e+00, -6.700e-01, 0.000e+00
6.650e-02, 2.524e+00, -2.819e-06, 4.230e-05, 3.200e-01, 3.200e-01, 4.400e+00, 2.850e+00, -6.700e-01, 0.000e+00
6.700e-02, 2.522e+00, -3.105e-06, 4.174e-05, 3.200e-01, 3.200e-01, 4.400e+00, 2.850e+00, -6.700e-01, 0.000e+00
6.750e-02, 2.519e+00, -3.592e-06, 4.101e-05, 3.200e-01, 3.200e-01, 4.400e+00, 2.850e+00, -6.700e-01, 0.000e+00
6.800e-02, 2.516e+00, -4.283e-06, 4.010e-05, 3.200e-01, 3.200e-01, 4.400e+00, 2.850e+00, -6.700e-01, 0.000e+00
6.850e-02, 2.514e+00, -5.175e-06, 3.901e-05, 3.200e-01, 3.200e-01, 4.400e+00, 2.850e+00, -6.700e-01, 0.000e+00
6.900e-02, 2.511e+00, -6.262e-06, 3.773e-05, 3.200e-01, 3.200e-01, 4.400e+00, 2.850e+00, -6.700e-01, 0.000e+00
6.950e-02, 2.508e+00, -7.531e-06, 3.626e-05, 3.200e-01, 3.200e-01, 4.400e+00, 2.850e+00, -6.700e-01, 0.000e+00
7.000e-02, 2.506e+00, -8.795e-06, 3.480e-05, 3.200e-01, 3.200e-01, 4.400e+00, 2.850e+00, -6.700e-01, 0.000e+00
7.050e-02, 2.503e+00, -1.020e-05, 3.316e-05, 3.200e-01, 3.200e-01, 4.400e+00, 2.850e+00, -6.700e-01, 0.000e+00
7.100e-02, 2.501e+00, -1.176e-05, 3.131e-05, 3.200e-01, 3.200e-01, 4.400e+00, 2.850e+00, -6.700e-01, 0.000e+00
7.150e-02, 2.499e+00, -1.344e-05, 2.927e-05, 3.201e-01, 3.201e-01, 4.405e+00, 2.849e+00, -6.700e-01, 0.000e+00
7.200e-02, 2.496e+00, -1.522e-05, 2.703e-05, 3.203e-01, 3.203e-01, 4.413e+00, 2.848e+00, -6.700e-01, 0.000e+00
7.250e-02, 2.493e+00, -1.706e-05, 2.462e-05, 3.204e-01, 3.204e-01, 4.422e+00, 2.846e+00, -6.700e-01, 0.000e+00
7.300e-02, 2.491e+00, -1.894e-05, 2.203e-05, 3.206e-01, 3.206e-01, 4.431e+00, 2.845e+00, -6.700e-01, 0.000e+00
7.350e-02, 2.488e+00, -2.082e-05, 1.928e-05, 3.207e-01, 3.207e-01, 4.439e+00, 2.843e+00, -6.700e-01, 0.000e+00
7.400e-02, 2.486e+00, -2.268e-05, 1.638e-05, 3.209e-01, 3.209e-01, 4.448e+00, 2.842e+00, -6.700e-01, 0.000e+00
7.450e-02, 2.483e+00, -2.449e-05, 1.334e-05, 3.211e-01, 3.211e-01, 4.457e+00, 2.840e+00, -6.700e-01, 0.000e+00
7.500e-02, 2.480e+00, -2.621e-05, 1.017e-05, 3.212e-01, 3.212e-01, 4.466e+00, 2.839e+00, -6.700e-01, 0.000e+00
7.550e-02, 2.478e+00, -2.781e-05, 6.882e-06, 3.214e-01, 3.214e-01, 4.474e+00, 2.837e+00, -6.700e-01, 0.000e+00
7.600e-02, 2.475e+00, -2.926e-05, 3.526e-06, 3.216e-01, 3.216e-01, 4.483e+00, 2.836e+00, -6.700e-01, 0.000e+00
7.650e-02, 2.472e+00, -3.054e-05, 8.186e-08, 3.218e-01, 3.218e-01, 4.492e+00, 2.834e+00, -6.700e-01, 0.000e+00
7.700e-02, 2.470e+00, -3.158e-05, -3.282e-06, 3.219e-01, 3.219e-01, 4.501e+00, 2.833e+00, -6.700e-01, 0.000e+00
7.750e-02, 2.467e+00, -3.239e-05, -6.587e-06, 3.221e-01, 3.221e-01, 4.510e+00, 2.831e+00, -6.700e-01, 0.000e+00
7.800e-02, 2.465e+00, -3.298e-05, -9.896e-06, 3.222e-01, 3.222e-01, 4.518e+00, 2.830e+00, -6.700e-01, 0.000e+00
7.850e-02, 2.462e+00, -3.335e-05, -1.319e-05, 3.224e-01, 3.224e-01, 4.527e+00, 2.828e+00, -6.700e-01, 0.000e+00
7.900e-02, 2.459e+00, -3.348e-05, -1.644e-05, 3.226e-01, 3.226e-01, 4.535e+00, 2.827e+00, -6.700e-01, 0.000e+00
7.950e-02, 2.457e+00, -3.336e-05, -1.964e-05, 3.227e-01, 3.227e-01, 4.544e+00, 2.826e+00, -6.700e-01, 0.000e+00
8.000e-02, 2.454e+00, -3.299e-05, -2.277e-05, 3.229e-01, 3.229e-01, 4.553e+00, 2.824e+00, -6.700e-01, 0.000e+00
8.050e-02, 2.452e+00, -3.237e-05, -2.581e-05, 3.231e-01, 3.231e-01, 4.561e+00, 2.823e+00, -6.700e-01, 0.000e+00
8.100e-02, 2.449e+00, -3.151e-05, -2.874e-05, 3.232e-01, 3.232e-01, 4.570e+00, 2.821e+00, -6.700e-01, 0.000e+00
8.150e-02, 2.446e+00, -3.041e-05, -3.151e-05, 3.234e-01, 3.234e-01, 4.579e+00, 2.820e+00, -6.700e-01, 0.000e+00
8.200e-02, 2.444e+00, -2.920e-05, -3.394e-05, 3.236e-01, 3.236e-01, 4.587e+00, 2.818e+00, -6.700e-01, 0.000e+00
8.250e-02, 2.442e+00, -2.787e-05, -3.615e-05, 3.237e-01, 3.237e-01, 4.595e+00, 2.817e+00, -6.700e-01, 0.000e+00
8.300e-02, 2.439e+00, -2.636e-05, -3.826e-05, 3.239e-01, 3.239e-01, 4.603e+00, 2.816e+00, -6.700e-01, 0.000e+00
8.350e-02, 2.437e+00, -2.469e-05, -4.024e-05, 3.240e-01, 3.240e-01, 4.611e+00, 2.814e+00, -6.700e-01, 0.000e+00
8.400e-02, 2.434e+00, -2.288e-05, -4.207e-05, 3.242e-01, 3.242e-01, 4.619e+00, 2.813e+00, -6.700e-01, 0.000e+00
8.450e-02, 2.432e+00, -2.095e-05, -4.374e-05, 3.243e-01, 3.243e-01, 4.627e+00, 2.811e+00, -6.700e-01, 0.000e+00
8.500e-02, 2.429e+00, -1.892e-05, -4.525e-05, 3.245e-01, 3.245e-01, 4.635e+00, 2.810e+00, -6.700e-01, 0.000e+00
8.550e-02, 2.427e+00, -1.681e-05, -4.658e-05, 3.246e-01, 3.246e-01, 4.644e+00, 2.809e+00, -6.700e-01, 0.000e+00
8.600e-02, 2.424e+00, -1.464e-05, -4.774e-05, 3.248e-01, 3.248e-01, 4.652e+00, 2.807e+00, -6.700e-01, 0.000e+00
8.650e-02, 2.422e+00, -1.243e-05, -4.872e-05, 3.249e-01, 3.249e-01, 4.660e+00, 2.806e+00, -6.700e-01, 0.000e+00
8.700e-02, 2.419e+00, -1.021e-05, -4.952e-05, 3.251e-01, 3.251e-01, 4.669e+00, 2.804e+00, -6.700e-01, 0.000e+00
8.750e-02, 2.417e+00, -8.000e-06, -5.014e-05, 3.253e-01, 3.253e-01, 4.677e+00, 2.803e+00, -6.700e-01, 0.000e+00
8.800e-02, 2.414e+00, -5.875e-06, -5.058e-05, 3.254e-01, 3.254e-01, 4.686e+00, 2.801e+00, -6.700e-01, 0.000e+00
8.850e-02, 2.412e+00, -3.842e-06, -5.085e-05, 3.256e-01, 3.256e-01, 4.694e+00, 2.800e+00, -6.700e-01, 0.000e+00
8.900e-02, 2.409e+00, -1.878e-06, -5.098e-05, 3.257e-01, 3.257e-01, 4.702e+00, 2.799e+00, -6.700e-01, 0.000e+00
8.950e-02, 2.407e+00, 4.768e-09, -5.097e-05, 3.259e-01, 3.259e-01, 4.710e+00, 2.797e+00, -6.700e-01, 0.000e+00
9.000e-02, 2.405e+00, 1.797e-06, -5.082e-05, 3.260e-01, 3.260e-01, 4.718e+00, 2.796e+00, -6.700e-01, 0.000e+00
9.050e-02, 2.402e+00, 3.490e-06, -5.055e-05, 3.262e-01, 3.262e-01, 4.726e+00, 2.795e+00, -6.700e-01, 0.000e+00
9.100e-02, 2.400e+00, 5.119e-06, -5.016e-05, 3.264e-01, 3.264e-01, 4.735e+00, 2.793e+00, -6.700e-01, 0.000e+00
9.150e-02, 2.397e+00, 6.634e-06, -4.965e-05, 3.265e-01, 3.265e-01, 4.743e+00, 2.792e+00, -6.700e-01, 0.000e+00
9.200e-02, 2.395e+00, 8.035e-06, -4.905e-05, 3.267e-01, 3.267e-01, 4.751e+00, 2.790e+00, -6.700e-01, 0.000e+00
9.250e-02, 2.392e+00, 9.323e-06, -4.835e-05, 3.268e-01, 3.268e-01, 4.759e+00, 2.789e+00, -6.700e-01, 0.000e+00
9.300e-02, 2.390e+00, 1.050e-05, -4.757e-05, 3.270e-01, 3.270e-01, 4.768e+00, 2.787e+00, -6.700e-01, 0.000e+00
9.350e-02, 2.387e+00, 1.157e-05, -4.671e-05, 3.271e-01, 3.271e-01, 4.776e+00, 2.786e+00, -6.700e-01, 0.000e+00
9.400e-02, 2.385e+00, 1.255e-05, -4.579e-05, 3.273e-01, 3.273e-01, 4.784e+00, 2.785e+00, -6.700e-01, 0.000e+00
9.450e-02, 2.382e+00, 1.343e-05, -4.479e-05, 3.275e-01, 3.275e-01, 4.792e+00, 2.783e+00, -6.700e-01, 0.000e+00
9.500e-02, 2.380e+00, 1.423e-05, -4.375e-05, 3.276e-01, 3.276e-01, 4.801e+00, 2.782e+00, -6.700e-01, 0.000e+00
9.550e-02, 2.377e+00, 1.496e-05, -4.264e-05, 3.278e-01, 3.278e-01, 4.809e+00, 2.780e+00, -6.700e-01, 0.000e+00
9.600e-02, 2.375e+00, 1.564e-05, -4.149e-05, 3.279e-01, 3.279e-01, 4.817e+00, 2.779e+00, -6.700e-01, 0.000e+00
9.650e-02, 2.372e+00, 1.626e-05, -4.028e-05, 3.281e-01, 3.281e-01, 4.825e+00, 2.778e+00, -6.700e-01, 0.000e+00
9.700e-02, 2.370e+00, 1.685e-05, -3.903e-05, 3.282e-01, 3.282e-01, 4.833e+00, 2.776e+00, -6.700e-01, 0.000e+00
9.750e-02, 2.368e+00, 1.741e-05, -3.772e-05, 3.284e-01, 3.284e-01, 4.842e+00, 2.775e+00, -6.700e-01, 0.000e+00
9.800e-02, 2.365e+00, 1.796e-05, -3.637e-05, 3.285e-01, 3.285e-01, 4.850e+00, 2.774e+00, -6.700e-01, 0.000e+00
9.850e-02, 2.363e+00, 1.850e-05, -3.497e-05, 3.287e-01, 3.287e-01, 4.858e+00, 2.772e+00, -6.700e-01, 0.000e+00
9.900e-02, 2.360e+00, 1.905e-05, -3.351e-05, 3.289e-01, 3.289e-01, 4.866e+00, 2.771e+00, -6.700e-01, 0.000e+00
9.950e-02, 2.358e+00, 1.961e-05, -3.200e-05, 3.290e-01, 3.290e-01, 4.874e+00, 2.769e+00, -6.700e-01, 0.000e+00
1.000e-01, 2.355e+00, 2.018e-05, -3.042e-05, 3.292e-01, 3.292e-01, 4.882e+00, 2.768e+00, -6.700e-01, 0.000e+00
1.005e-01, 2.353e+00, 2.078e-05, -2.879e-05, 3.293e-01, 3.293e-01, 4.890e+00, 2.767e+00, -6.700e-01, 0.000e+00
1.010e-01, 2.350e+00, 2.140e-05, -2.708e-05, 3.295e-01, 3.295e-01, 4.898e+00, 2.765e+00, -6.700e-01, 0.000e+00
1.015e-01, 2.348e+00, 2.206e-05, -2.530e-05, 3.296e-01, 3.296e-01, 4.906e+00, 2.764e+00, -6.700e-01, 0.000e+00
1.020e-01, 2.346e+00, 2.274e-05, -2.345e-05, 3.298e-01, 3.298e-01, 4.914e+00, 2.763e+00, -6.700e-01, 0.000e+00
1.025e-01, 2.343e+00, 2.344e-05, -2.151e-05, 3.299e-01, 3.299e-01, 4.923e+00, 2.761e+00, -6.700e-01, 0.000e+00
1.030e-01, 2.341e+00, 2.416e-05, -1.949e-05, 3.301e-01, 3.301e-01, 4.931e+00, 2.760e+00, -6.700e-01, 0.000e+00
1.035e-01, 2.338e+00, 2.491e-05, -1.738e-05, 3.302e-01, 3.302e-01, 4.939e+00, 2.758e+00, -6.700e-01, 0.000e+00
1.040e-01, 2.336e+00, 2.565e-05, -1.519e-05, 3.304e-01, 3.304e-01, 4.947e+00, 2.757e+00, -6.700e-01, 0.000e+00
1.045e-01, 2.334e+00, 2.640e-05, -1.290e-05, 3.305e-01, 3.305e-01, 4.955e+00, 2.756e+00, -6.700e-01, 0.000e+00
1.050e-01, 2.331e+00, 2.714e-05, -1.052e-05, 3.307e-01, 3.307e-01, 4.963e+00, 2.754e+00, -6.700e-01, 0.000e+00
1.055e-01, 2.329e+00, 2.794e-05, -7.777e-06, 3.309e-01, 3.309e-01, 4.972e+00, 2.753e+00, -6.700e-01, 0.000e+00
1.060e-01, 2.327e+00, 2.848e-05, -5.736e-06, 3.310e-01, 3.310e-01, 4.978e+00, 2.752e+00, -6.700e-01, 0.000e+00
1.065e-01, 2.324e+00, 2.909e-05, -3.247e-06, 3.311e-01, 3.311e-01, 4.986e+00, 2.750e+00, -6.700e-01, 0.000e+00
1.070e-01, 2.322e+00, 2.965e-05, -6.531e-07, 3.313e-01, 3.313e-01, 4.993e+00, 2.749e+00, -6.700e-01, 0.000e+00
1.075e-01, 2.320e+00, 3.016e-05, 2.040e-06, 3.314e-01, 3.314e-01, 5.001e+00, 2.748e+00, -6.700e-01, 0.000e+00
1.080e-01, 2.317e+00, 3.059e-05, 4.827e-06, 3.316e-01, 3.316e-01, 5.009e+00, 2.747e+00, -6.700e-01, 0.000e+00
1.085e-01, 2.315e+00, 3.093e-05, 7.652e-06, 3.317e-01, 3.317e-01, 5.016e+00, 2.745e+00, -6.700e-01, 0.000e+00
1.090e-01, 2.313e+00, 3.117e-05, 1.050e-05, 3.319e-01, 3.319e-01, 5.024e+00, 2.744e+00, -6.700e-01, 0.000e+00
1.095e-01, 2.311e+00, 3.131e-05, 1.339e-05, 3.320e-01, 3.320e-01, 5.032e+00, 2.743e+00, -6.700e-01, 0.000e+00
1.100e-01, 2.308e+00, 3.132e-05, 1.631e-05, 3.321e-01, 3.321e-01, 5.039e+00, 2.741e+00, -6.700e-01, 0.000e+00
1.105e-01, 2.306e+00, 3.122e-05, 1.927e-05, 3.323e-01, 3.323e-01, 5.047e+00, 2.740e+00, -6.700e-01, 0.000e+00
1.110e-01, 2.304e+00, 3.098e-05, 2.224e-05, 3.324e-01, 3.324e-01, 5.054e+00, 2.739e+00, -6.700e-01, 0.000e+00
1.115e-01, 2.301e+00, 3.060e-05, 2.522e-05, 3.326e-01, 3.326e-01, 5.062e+00, 2.737e+00, -6.700e-01, 0.000e+00
1.120e-01, 2.299e+00, 3.008e-05, 2.818e-05, 3.327e-01, 3.327e-01, 5.069e+00, 2.736e+00, -6.700e-01, 0.000e+00
1.125e-01, 2.297e+00, 2.942e-05, 3.113e-05, 3.329e-01, 3.329e-01, 5.077e+00, 2.735e+00, -6.700e-01, 0.000e+00
1.130e-01, 2.295e+00, 2.860e-05, 3.405e-05, 3.330e-01, 3.330e-01, 5.084e+00, 2.734e+00, -6.700e-01, 0.000e+00
1.135e-01, 2.292e+00, 2.764e-05, 3.692e-05, 3.331e-01, 3.331e-01, 5.092e+00, 2.732e+00, -6.700e-01, 0.000e+00
1.140e-01, 2.290e+00, 2.653e-05, 3.973e-05, 3.333e-01, 3.333e-01, 5.099e+00, 2.731e+00, -6.700e-01, 0.000e+00
1.145e-01, 2.288e+00, 2.527e-05, 4.246e-05, 3.334e-01, 3.334e-01, 5.107e+00, 2.730e+00, -6.700e-01, 0.000e+00
1.150e-01, 2.286e+00, 2.388e-05, 4.511e-05, 3.336e-01, 3.336e-01, 5.114e+00, 2.729e+00, -6.700e-01, 0.000e+00
1.155e-01, 2.283e+00, 2.235e-05, 4.766e-05, 3.337e-01, 3.337e-01, 5.122e+00, 2.727e+00, -6.700e-01, 0.000e+00
1.160e-01, 2.281e+00, 2.070e-05, 5.010e-05, 3.339e-01, 3.339e-01, 5.129e+00, 2.726e+00, -6.700e-01, 0.000e+00
1.165e-01, 2.279e+00, 1.892e-05, 5.241e-05, 3.340e-01, 3.340e-01, 5.137e+00, 2.725e+00, -6.700e-01, 0.000e+00
1.170e-01, 2.277e+00, 1.704e-05, 5.459e-05, 3.341e-01, 3.341e-01, 5.144e+00, 2.723e+00, -6.700e-01, 0.000e+00
1.175e-01, 2.275e+00, 1.506e-05, 5.661e-05, 3.343e-01, 3.343e-01, 5.152e+00, 2.722e+00, -6.700e-01, 0.000e+00
1.180e-01, 2.272e+00, 1.299e-05, 5.848e-05, 3.344e-01, 3.344e-01, 5.159e+00, 2.721e+00, -6.700e-01, 0.000e+00
1.185e-01, 2.270e+00, 1.085e-05, 6.017e-05, 3.346e-01, 3.346e-01, 5.166e+00, 2.720e+00, -6.700e-01, 0.000e+00
1.190e-01, 2.268e+00, 8.648e-06, 6.169e-05, 3.347e-01, 3.347e-01, 5.174e+00, 2.718e+00, -6.700e-01, 0.000e+00
1.195e-01, 2.266e+00, 6.400e-06, 6.301e-05, 3.348e-01, 3.348e-01, 5.181e+00, 2.717e+00, -6.700e-01, 0.000e+00
1.200e-01, 2.263e+00, 4.119e-06, 6.415e-05, 3.350e-01, 3.350e-01, 5.189e+00, 2.716e+00, -6.700e-01, 0.000e+00
1.205e-01, 2.261e+00, 1.820e-06, 6.508e-05, 3.351e-01, 3.351e-01, 5.196e+00, 2.715e+00, -6.700e-01, 0.000e+00
1.210e-01, 2.259e+00, -5.407e-07, 6.582e-05, 3.353e-01, 3.353e-01, 5.204e+00, 2.713e+00, -6.700e-01, 0.000e+00
1.215e-01, 2.257e+00, -2.894e-06, 6.634e-05, 3.354e-01, 3.354e-01, 5.211e+00, 2.712e+00, -6.700e-01, 0.000e+00
1.220e-01, 2.254e+00, -5.224e-06, 6.664e-05, 3.356e-01, 3.356e-01, 5.219e+00, 2.711e+00, -6.700e-01, 0.000e+00
1.225e-01, 2.252e+00, -7.514e-06, 6.671e-05, 3.357e-01, 3.357e-01, 5.226e+00, 2.710e+00, -6.700e-01, 0.000e+00
1.230e-01, 2.250e+00, -9.753e-06, 6.655e-05, 3.358e-01, 3.358e-01, 5.234e+00, 2.708e+00, -6.700e-01, 0.000e+00
1.235e-01, 2.248e+00, -1.193e-05, 6.616e-05, 3.360e-01, 3.360e-01, 5.241e+00, 2.707e+00, -6.700e-01, 0.000e+00
1.240e-01, 2.245e+00, -1.403e-05, 6.555e-05, 3.361e-01, 3.361e-01, 5.249e+00, 2.706e+00, -6.700e-01, 0.000e+00
1.245e-01, 2.243e+00, -1.604e-05, 6.472e-05, 3.363e-01, 3.363e-01, 5.256e+00, 2.704e+00, -6.700e-01, 0.000e+00
1.250e-01, 2.241e+00, -1.796e-05, 6.367e-05, 3.364e-01, 3.364e-01, 5.264e+00, 2.703e+00, -6.700e-01, 0.000e+00
1.255e-01, 2.239e+00, -1.978e-05, 6.240e-05, 3.366e-01, 3.366e-01, 5.271e+00, 2.702e+00, -6.700e-01, 0.000e+00
1.260e-01, 2.236e+00, -2.148e-05, 6.092e-05, 3.367e-01, 3.367e-01, 5.279e+00, 2.701e+00, -6.700e-01, 0.000e+00
1.265e-01, 2.234e+00, -2.308e-05, 5.924e-05, 3.368e-01, 3.368e-01, 5.286e+00, 2.699e+00, -6.700e-01, 0.000e+00
1.270e-01, 2.232e+00, -2.455e-05, 5.737e-05, 3.370e-01, 3.370e-01, 5.293e+00, 2.698e+00, -6.700e-01, 0.000e+00
1.275e-01, 2.230e+00, -2.591e-05, 5.530e-05, 3.371e-01, 3.371e-01, 5.301e+00, 2.697e+00, -6.700e-01, 0.000e+00
1.280e-01, 2.228e+00, -2.714e-05, 5.306e-05, 3.373e-01, 3.373e-01, 5.308e+00, 2.696e+00, -6.700e-01, 0.000e+00
1.285e-01, 2.225e+00, -2.825e-05, 5.064e-05, 3.374e-01, 3.374e-01, 5.316e+00, 2.694e+00, -6.700e-01, 0.000e+00
1.290e-01, 2.223e+00, -2.924e-05, 4.807e-05, 3.375e-01, 3.375e-01, 5.323e+00, 2.693e+00, -6.700e-01, 0.000e+00
1.295e-01, 2.221e+00, -3.011e-05, 4.534e-05, 3.377e-01, 3.377e-01, 5.331e+00, 2.692e+00, -6.700e-01, 0.000e+00
1.300e-01, 2.219e+00, -3.087e-05, 4.247e-05, 3.378e-01, 3.378e-01, 5.338e+00, 2.691e+00, -6.700e-01, 0.000e+00
1.305e-01, 2.216e+00, -3.151e-05, 3.947e-05, 3.380e-01, 3.380e-01, 5.345e+00, 2.689e+00, -6.700e-01, 0.000e+00
1.310e-01, 2.214e+00, -3.205e-05, 3.634e-05, 3.381e-01, 3.381e-01, 5.353e+00, 2.688e+00, -6.700e-01, 0.000e+00
1.315e-01, 2.212e+00, -3.248e-05, 3.311e-05, 3.382e-01, 3.382e-01, 5.360e+00, 2.687e+00, -6.700e-01, 0.000e+00
1.320e-01, 2.210e+00, -3.282e-05, 2.978e-05, 3.384e-01, 3.384e-01, 5.367e+00, 2.686e+00, -6.700e-01, 0.000e+00
1.325e-01, 2.208e+00, -3.306e-05, 2.636e-05, 3.385e-01, 3.385e-01, 5.375e+00, 2.684e+00, -6.700e-01, 0.000e+00
1.330e-01, 2.205e+00, -3.323e-05, 2.286e-05, 3.387e-01, 3.387e-01, 5.382e+00, 2.683e+00, -6.700e-01, 0.000e+00
1.335e-01, 2.203e+00, -3.331e-05, 1.929e-05, 3.388e-01, 3.388e-01, 5.389e+00, 2.682e+00, -6.700e-01, 0.000e+00
1.340e-01, 2.201e+00, -3.332e-05, 1.566e-05, 3.389e-01, 3.389e-01, 5.397e+00, 2.681e+00, -6.700e-01, 0.000e+00
1.345e-01, 2.199e+00, -3.327e-05, 1.199e-05, 3.391e-01, 3.391e-01, 5.404e+00, 2.679e+00, -6.700e-01, 0.000e+00
1.350e-01, 2.196e+00, -3.314e-05, 8.047e-06, 3.392e-01, 3.392e-01, 5.412e+00, 2.678e+00, -6.700e-01, 0.000e+00
1.355e-01, 2.194e+00, -3.296e-05, 4.153e-06, 3.393e-01, 3.393e-01, 5.420e+00, 2.677e+00, -6.700e-01, 0.000e+00
1.360e-01, 2.192e+00, -3.274e-05, 5.483e-07, 3.394e-01, 3.394e-01, 5.428e+00, 2.676e+00, -6.700e-01, 0.000e+00
1.365e-01, 2.190e+00, -3.252e-05, -2.580e-06, 3.395e-01, 3.395e-01, 5.434e+00, 2.675e+00, -6.700e-01, 0.000e+00
1.370e-01, 2.188e+00, -3.223e-05, -6.149e-06, 3.397e-01, 3.396e-01, 5.441e+00, 2.674e+00, -6.700e-01, 0.000e+00
1.375e-01, 2.186e+00, -3.190e-05, -9.708e-06, 3.398e-01, 3.398e-01, 5.449e+00, 2.673e+00, -6.700e-01, 0.000e+00
1.380e-01, 2.184e+00, -3.153e-05, -1.325e-05, 3.399e-01, 3.399e-01, 5.456e+00, 2.672e+00, -6.700e-01, 0.000e+00
1.385e-01, 2.182e+00, -3.114e-05, -1.676e-05, 3.400e-01, 3.400e-01, 5.463e+00, 2.671e+00, -6.700e-01, 0.000e+00
1.390e-01, 2.180e+00, -3.070e-05, -2.025e-05, 3.401e-01, 3.401e-01, 5.470e+00, 2.670e+00, -6.700e-01, 0.000e+00
1.395e-01, 2.178e+00, -3.024e-05, -2.369e-05, 3.402e-01, 3.402e-01, 5.478e+00, 2.669e+00, -6.700e-01, 0.000e+00
1.400e-01, 2.176e+00, -2.973e-05, -2.708e-05, 3.403e-01, 3.403e-01, 5.485e+00, 2.668e+00, -6.700e-01, 0.000e+00
1.405e-01, 2.174e+00, -2.920e-05, -3.041e-05, 3.404e-01, 3.404e-01, 5.492e+00, 2.667e+00, -6.700e-01, 0.000e+00
1.410e-01, 2.172e+00, -2.862e-05, -3.368e-05, 3.406e-01, 3.406e-01, 5.499e+00, 2.666e+00, -6.700e-01, 0.000e+00
1.415e-01, 2.170e+00, -2.801e-05, -3.687e-05, 3.407e-01, 3.407e-01, 5.507e+00, 2.665e+00, -6.700e-01, 0.000e+00
1.420e-01, 2.168e+00, -2.735e-05, -3.999e-05, 3.408e-01, 3.408e-01, 5.514e+00, 2.664e+00, -6.700e-01, 0.000e+00
1.425e-01, 2.165e+00, -2.664e-05, -4.302e-05, 3.409e-01, 3.409e-01, 5.521e+00, 2.663e+00, -6.700e-01, 0.000e+00
1.430e-01, 2.163e+00, -2.589e-05, -4.596e-05, 3.410e-01, 3.410e-01, 5.528e+00, 2.662e+00, -6.700e-01, 0.000e+00
1.435e-01, 2.161e+00, -2.508e-05, -4.880e-05, 3.411e-01, 3.411e-01, 5.535e+00, 2.661e+00, -6.700e-01, 0.000e+00
1.440e-01, 2.159e+00, -2.422e-05, -5.152e-05, 3.412e-01, 3.412e-01, 5.542e+00, 2.660e+00, -6.700e-01, 0.000e+00
1.445e-01, 2.157e+00, -2.330e-05, -5.414e-05, 3.414e-01, 3.414e-01, 5.550e+00, 2.659e+00, -6.700e-01, 0.000e+00
1.450e-01, 2.155e+00, -2.231e-05, -5.663e-05, 3.415e-01, 3.415e-01, 5.557e+00, 2.658e+00, -6.700e-01, 0.000e+00
1.455e-01, 2.153e+00, -2.126e-05, -5.899e-05, 3.416e-01, 3.416e-01, 5.564e+00, 2.657e+00, -6.700e-01, 0.000e+00
1.460e-01, 2.151e+00, -2.013e-05, -6.122e-05, 3.417e-01, 3.417e-01, 5.571e+00, 2.656e+00, -6.700e-01, 0.000e+00
1.465e-01, 2.149e+00, -1.893e-05, -6.331e-05, 3.418e-01, 3.418e-01, 5.578e+00, 2.655e+00, -6.700e-01, 0.000e+00
1.470e-01, 2.147e+00, -1.766e-05, -6.525e-05, 3.419e-01, 3.419e-01, 5.585e+00, 2.654e+00, -6.700e-01, 0.000e+00
1.475e-01, 2.145e+00, -1.631e-05, -6.704e-05, 3.420e-01, 3.420e-01, 5.592e+00, 2.653e+00, -6.700e-01, 0.000e+00
1.480e-01, 2.143e+00, -1.488e-05, -6.867e-05, 3.421e-01, 3.421e-01, 5.599e+00, 2.652e+00, -6.700e-01, 0.000e+00
1.485e-01, 2.141e+00, -1.338e-05, -7.013e-05, 3.422e-01, 3.422e-01, 5.607e+00, 2.650e+00, -6.700e-01, 0.000e+00
1.490e-01, 2.139e+00, -1.179e-05, -7.142e-05, 3.424e-01, 3.424e-01, 5.614e+00, 2.649e+00, -6.700e-01, 0.000e+00
1.495e-01, 2.137e+00, -1.013e-05, -7.254e-05, 3.425e-01, 3.425e-01, 5.621e+00, 2.648e+00, -6.700e-01, 0.000e+00
1.500e-01, 2.135e+00, -8.384e-06, -7.348e-05, 3.426e-01, 3.426e-01, 5.628e+00, 2.647e+00, -6.700e-01, 0.000e+00
1.505e-01, 2.133e+00, -6.570e-06, -7.423e-05, 3.427e-01, 3.427e-01, 5.635e+00, 2.646e+00, -6.700e-01, 0.000e+00
1.510e-01, 2.131e+00, -4.640e-06, -7.481e-05, 3.428e-01, 3.428e-01, 5.642e+00, 2.645e+00, -6.700e-01, 0.000e+00
1.515e-01, 2.129e+00, -2.635e-06, -7.518e-05, 3.429e-01, 3.429e-01, 5.649e+00, 2.644e+00, -6.700e-01, 0.000e+00
1.520e-01, 2.127e+00, -5.648e-07, -7.535e-05, 3.430e-01, 3.430e-01, 5.656e+00, 2.643e+00, -6.700e-01, 0.000e+00
1.525e-01, 2.125e+00, 1.564e-06, -7.532e-05, 3.431e-01, 3.431e-01, 5.664e+00, 2.642e+00, -6.700e-01, 0.000e+00
1.530e-01, 2.123e+00, 3.744e-06, -7.507e-05, 3.433e-01, 3.433e-01, 5.671e+00, 2.641e+00, -6.700e-01, 0.000e+00
1.535e-01, 2.121e+00, 5.967e-06, -7.461e-05, 3.434e-01, 3.434e-01, 5.678e+00, 2.640e+00, -6.700e-01, 0.000e+00
1.540e-01, 2.119e+00, 8.226e-06, -7.393e-05, 3.435e-01, 3.435e-01, 5.685e+00, 2.639e+00, -6.700e-01, 0.000e+00
1.545e-01, 2.117e+00, 1.051e-05, -7.304e-05, 3.436e-01, 3.436e-01, 5.692e+00, 2.638e+00, -6.700e-01, 0.000e+00
1.550e-01, 2.114e+00, 1.281e-05, -7.194e-05, 3.437e-01, 3.437e-01, 5.699e+00, 2.637e+00, -6.700e-01, 0.000e+00
1.555e-01, 2.112e+00, 1.512e-05, -7.063e-05, 3.438e-01, 3.438e-01, 5.706e+00, 2.636e+00, -6.700e-01, 0.000e+00
1.560e-01, 2.110e+00, 1.742e-05, -6.911e-05, 3.439e-01, 3.439e-01, 5.714e+00, 2.635e+00, -6.700e-01, 0.000e+00
1.565e-01, 2.108e+00, 1.971e-05, -6.737e-05, 3.440e-01, 3.440e-01, 5.721e+00, 2.634e+00, -6.700e-01, 0.000e+00
1.570e-01, 2.106e+00, 2.197e-05, -6.544e-05, 3.442e-01, 3.442e-01, 5.728e+00, 2.633e+00, -6.700e-01, 0.000e+00
1.575e-01, 2.104e+00, 2.419e-05, -6.330e-05, 3.443e-01, 3.443e-01, 5.735e+00, 2.632e+00, -6.700e-01, 0.000e+00
1.580e-01, 2.102e+00, 2.635e-05, -6.096e-05, 3.444e-01, 3.444e-01, 5.742e+00, 2.631e+00, -6.700e-01, 0.000e+00
1.585e-01, 2.100e+00, 2.846e-05, -5.843e-05, 3.445e-01, 3.445e-01, 5.749e+00, 2.630e+00, -6.700e-01, 0.000e+00
1.590e-01, 2.098e+00, 3.050e-05, -5.572e-05, 3.446e-01, 3.446e-01, 5.756e+00, 2.629e+00, -6.700e-01, 0.000e+00
1.595e-01, 2.096e+00, 3.244e-05, -5.283e-05, 3.447e-01, 3.447e-01, 5.763e+00, 2.628e+00, -6.700e-01, 0.000e+00
1.600e-01, 2.094e+00, 3.430e-05, -4.976e-05, 3.448e-01, 3.448e-01, 5.770e+00, 2.627e+00, -6.700e-01, 0.000e+00
1.605e-01, 2.092e+00, 3.605e-05, -4.653e-05, 3.449e-01, 3.449e-01, 5.777e+00, 2.626e+00, -6.700e-01, 0.000e+00
1.610e-01, 2.090e+00, 3.768e-05, -4.314e-05, 3.450e-01, 3.450e-01, 5.784e+00, 2.625e+00, -6.700e-01, 0.000e+00
1.615e-01, 2.088e+00, 3.919e-05, -3.961e-05, 3.451e-01, 3.451e-01, 5.791e+00, 2.624e+00, -6.700e-01, 0.000e+00
1.620e-01, 2.086e+00, 4.057e-05, -3.594e-05, 3.453e-01, 3.453e-01, 5.798e+00, 2.623e+00, -6.700e-01, 0.000e+00
1.625e-01, 2.084e+00, 4.181e-05, -3.215e-05, 3.454e-01, 3.454e-01, 5.805e+00, 2.622e+00, -6.700e-01, 0.000e+00
1.630e-01, 2.082e+00, 4.290e-05, -2.823e-05, 3.455e-01, 3.455e-01, 5.812e+00, 2.621e+00, -6.700e-01, 0.000e+00
1.635e-01, 2.080e+00, 4.384e-05, -2.421e-05, 3.456e-01, 3.456e-01, 5.819e+00, 2.620e+00, -6.700e-01, 0.000e+00
1.640e-01, 2.078e+00, 4.462e-05, -2.010e-05, 3.457e-01, 3.457e-01, 5.826e+00, 2.619e+00, -6.700e-01, 0.000e+00
1.645e-01, 2.076e+00, 4.524e-05, -1.592e-05, 3.458e-01, 3.458e-01, 5.833e+00, 2.618e+00, -6.700e-01, 0.000e+00
1.650e-01, 2.074e+00, 4.574e-05, -1.114e-05, 3.459e-01, 3.459e-01, 5.841e+00, 2.617e+00, -6.700e-01, 0.000e+00
1.655e-01, 2.072e+00, 4.601e-05, -6.861e-06, 3.460e-01, 3.460e-01, 5.848e+00, 2.616e+00, -6.700e-01, 0.000e+00
1.660e-01, 2.070e+00, 4.611e-05, -2.663e-06, 3.461e-01, 3.461e-01, 5.855e+00, 2.615e+00, -6.700e-01, 0.000e+00
1.665e-01, 2.068e+00, 4.605e-05, 1.565e-06, 3.463e-01, 3.463e-01, 5.861e+00, 2.614e+00, -6.700e-01, 0.000e+00
1.670e-01, 2.067e+00, 4.588e-05, 5.139e-06, 3.463e-01, 3.463e-01, 5.867e+00, 2.613e+00, -6.700e-01, 0.000e+00
1.675e-01, 2.065e+00, 4.554e-05, 9.409e-06, 3.464e-01, 3.464e-01, 5.874e+00, 2.612e+00, -6.700e-01, 0.000e+00
1.680e-01, 2.063e+00, 4.506e-05, 1.361e-05, 3.465e-01, 3.465e-01, 5.880e+00, 2.611e+00, -6.700e-01, 0.000e+00
1.685e-01, 2.061e+00, 4.443e-05, 1.779e-05, 3.467e-01, 3.467e-01, 5.887e+00, 2.610e+00, -6.700e-01, 0.000e+00
1.690e-01, 2.059e+00, 4.365e-05, 2.195e-05, 3.468e-01, 3.468e-01, 5.894e+00, 2.609e+00, -6.700e-01, 0.000e+00
1.695e-01, 2.057e+00, 4.274e-05, 2.607e-05, 3.469e-01, 3.469e-01, 5.900e+00, 2.609e+00, -6.700e-01, 0.000e+00
1.700e-01, 2.055e+00, 4.170e-05, 3.014e-05, 3.470e-01, 3.470e-01, 5.907e+00, 2.608e+00, -6.700e-01, 0.000e+00
1.705e-01, 2.053e+00, 4.053e-05, 3.415e-05, 3.471e-01, 3.471e-01, 5.913e+00, 2.607e+00, -6.700e-01, 0.000e+00
1.710e-01, 2.051e+00, 3.923e-05, 3.809e-05, 3.472e-01, 3.472e-01, 5.920e+00, 2.606e+00, -6.700e-01, 0.000e+00
1.715e-01, 2.050e+00, 3.782e-05, 4.195e-05, 3.473e-01, 3.473e-01, 5.926e+00, 2.605e+00, -6.700e-01, 0.000e+00
1.720e-01, 2.048e+00, 3.630e-05, 4.571e-05, 3.474e-01, 3.474e-01, 5.933e+00, 2.604e+00, -6.700e-01, 0.000e+00
1.725e-01, 2.046e+00, 3.467e-05, 4.938e-05, 3.475e-01, 3.475e-01, 5.939e+00, 2.603e+00, -6.700e-01, 0.000e+00
1.730e-01, 2.044e+00, 3.295e-05, 5.293e-05, 3.476e-01, 3.476e-01, 5.946e+00, 2.602e+00, -6.700e-01, 0.000e+00
1.735e-01, 2.042e+00, 3.114e-05, 5.636e-05, 3.477e-01, 3.477e-01, 5.953e+00, 2.601e+00, -6.700e-01, 0.000e+00
1.740e-01, 2.040e+00, 2.925e-05, 5.967e-05, 3.478e-01, 3.478e-01, 5.959e+00, 2.600e+00, -6.700e-01, 0.000e+00
1.745e-01, 2.038e+00, 2.728e-05, 6.283e-05, 3.479e-01, 3.479e-01, 5.966e+00, 2.599e+00, -6.700e-01, 0.000e+00
1.750e-01, 2.037e+00, 2.525e-05, 6.585e-05, 3.480e-01, 3.480e-01, 5.972e+00, 2.598e+00, -6.700e-01, 0.000e+00
1.755e-01, 2.035e+00, 2.315e-05, 6.871e-05, 3.481e-01, 3.481e-01, 5.979e+00, 2.597e+00, -6.700e-01, 0.000e+00
1.760e-01, 2.033e+00, 2.101e-05, 7.140e-05, 3.482e-01, 3.482e-01, 5.985e+00, 2.596e+00, -6.700e-01, 0.000e+00
1.765e-01, 2.031e+00, 1.881e-05, 7.393e-05, 3.483e-01, 3.483e-01, 5.992e+00, 2.595e+00, -6.700e-01, 0.000e+00
1.770e-01, 2.029e+00, 1.658e-05, 7.628e-05, 3.484e-01, 3.484e-01, 5.998e+00, 2.595e+00, -6.700e-01, 0.000e+00
1.775e-01, 2.027e+00, 1.432e-05, 7.845e-05, 3.485e-01, 3.485e-01, 6.005e+00, 2.594e+00, -6.700e-01, 0.000e+00
1.780e-01, 2.025e+00, 1.203e-05, 8.042e-05, 3.486e-01, 3.486e-01, 6.011e+00, 2.593e+00, -6.700e-01, 0.000e+00
1.785e-01, 2.024e+00, 9.723e-06, 8.220e-05, 3.487e-01, 3.487e-01, 6.017e+00, 2.592e+00, -6.700e-01, 0.000e+00
1.790e-01, 2.022e+00, 7.403e-06, 8.378e-05, 3.488e-01, 3.488e-01, 6.024e+00, 2.591e+00, -6.700e-01, 0.000e+00
1.795e-01, 2.020e+00, 5.076e-06, 8.515e-05, 3.489e-01, 3.489e-01, 6.030e+00, 2.590e+00, -6.700e-01, 0.000e+00
1.800e-01, 2.018e+00, 2.748e-06, 8.631e-05, 3.490e-01, 3.490e-01, 6.037e+00, 2.589e+00, -6.700e-01, 0.000e+00
1.805e-01, 2.016e+00, 4.232e-07, 8.726e-05, 3.491e-01, 3.491e-01, 6.043e+00, 2.588e+00, -6.700e-01, 0.000e+00
1.810e-01, 2.014e+00, -1.943e-06, 8.801e-05, 3.492e-01, 3.492e-01, 6.050e+00, 2.587e+00, -6.700e-01, 0.000e+00
1.815e-01, 2.013e+00, -4.303e-06, 8.852e-05, 3.493e-01, 3.493e-01, 6.056e+00, 2.586e+00, -6.700e-01, 0.000e+00
1.820e-01, 2.011e+00, -6.645e-06, 8.880e-05, 3.494e-01, 3.494e-01, 6.063e+00, 2.585e+00, -6.700e-01, 0.000e+00
1.825e-01, 2.009e+00, -8.961e-06, 8.885e-05, 3.495e-01, 3.495e-01, 6.069e+00, 2.584e+00, -6.700e-01, 0.000e+00
1.830e-01, 2.007e+00, -1.125e-05, 8.865e-05, 3.496e-01, 3.496e-01, 6.076e+00, 2.583e+00, -6.700e-01, 0.000e+00
1.835e-01, 2.005e+00, -1.350e-05, 8.821e-05, 3.497e-01, 3.497e-01, 6.082e+00, 2.583e+00, -6.700e-01, 0.000e+00
1.840e-01, 2.003e+00, -1.572e-05, 8.754e-05, 3.498e-01, 3.498e-01, 6.089e+00, 2.582e+00, -6.700e-01, 0.000e+00
1.845e-01, 2.001e+00, -1.790e-05, 8.662e-05, 3.499e-01, 3.499e-01, 6.095e+00, 2.581e+00, -6.700e-01, 0.000e+00
1.850e-01, 1.999e+00, -2.003e-05, 8.546e-05, 3.500e-01, 3.500e-01, 6.102e+00, 2.580e+00, -6.700e-01, 0.000e+00
1.855e-01, 1.998e+00, -2.212e-05, 8.405e-05, 3.502e-01, 3.502e-01, 6.108e+00, 2.578e+00, -6.700e-01, 0.000e+00
1.860e-01, 1.996e+00, -2.415e-05, 8.241e-05, 3.503e-01, 3.503e-01, 6.115e+00, 2.577e+00, -6.700e-01, 0.000e+00
1.865e-01, 1.994e+00, -2.613e-05, 8.054e-05, 3.505e-01, 3.505e-01, 6.121e+00, 2.576e+00, -6.700e-01, 0.000e+00
1.870e-01, 1.992e+00, -2.804e-05, 7.843e-05, 3.506e-01, 3.506e-01, 6.128e+00, 2.575e+00, -6.700e-01, 0.000e+00
1.875e-01, 1.990e+00, -2.990e-05, 7.608e-05, 3.507e-01, 3.507e-01, 6.134e+00, 2.574e+00, -6.700e-01, 0.000e+00
1.880e-01, 1.988e+00, -3.168e-05, 7.351e-05, 3.509e-01, 3.509e-01, 6.141e+00, 2.572e+00, -6.700e-01, 0.000e+00
1.885e-01, 1.987e+00, -3.340e-05, 7.071e-05, 3.510e-01, 3.510e-01, 6.147e+00, 2.571e+00, -6.700e-01, 0.000e+00
1.890e-01, 1.985e+00, -3.505e-05, 6.770e-05, 3.511e-01, 3.511e-01, 6.154e+00, 2.570e+00, -6.700e-01, 0.000e+00
1.895e-01, 1.983e+00, -3.661e-05, 6.447e-05, 3.513e-01, 3.513e-01, 6.160e+00, 2.569e+00, -6.700e-01, 0.000e+00
1.900e-01, 1.981e+00, -3.809e-05, 6.103e-05, 3.514e-01, 3.514e-01, 6.166e+00, 2.568e+00, -6.700e-01, 0.000e+00
1.905e-01, 1.979e+00, -3.949e-05, 5.739e-05, 3.516e-01, 3.516e-01, 6.173e+00, 2.566e+00, -6.700e-01, 0.000e+00
1.910e-01, 1.977e+00, -4.080e-05, 5.356e-05, 3.517e-01, 3.517e-01, 6.179e+00, 2.565e+00, -6.700e-01, 0.000e+00
1.915e-01, 1.976e+00, -4.202e-05, 4.954e-05, 3.518e-01, 3.518e-01, 6.186e+00, 2.564e+00, -6.700e-01, 0.000e+00
1.920e-01, 1.974e+00, -4.313e-05, 4.535e-05, 3.520e-01, 3.520e-01, 6.192e+00, 2.563e+00, -6.700e-01, 0.000e+00
1.925e-01, 1.972e+00, -4.415e-05, 4.100e-05, 3.521e-01, 3.521e-01, 6.199e+00, 2.562e+00, -6.700e-01, 0.000e+00
1.930e-01, 1.970e+00, -4.506e-05, 3.648e-05, 3.522e-01, 3.522e-01, 6.205e+00, 2.561e+00, -6.700e-01, 0.000e+00
1.935e-01, 1.968e+00, -4.586e-05, 3.182e-05, 3.524e-01, 3.524e-01, 6.211e+00, 2.559e+00, -6.700e-01, 0.000e+00
1.940e-01, 1.966e+00, -4.655e-05, 2.703e-05, 3.525e-01, 3.525e-01, 6.218e+00, 2.558e+00, -6.700e-01, 0.000e+00
1.945e-01, 1.964e+00, -4.718e-05, 2.150e-05, 3.527e-01, 3.527e-01, 6.225e+00, 2.557e+00, -6.700e-01, 0.000e+00
1.950e-01, 1.963e+00, -4.761e-05, 1.652e-05, 3.528e-01, 3.528e-01, 6.231e+00, 2.556e+00, -6.700e-01, 0.000e+00
1.955e-01, 1.961e+00, -4.791e-05, 1.145e-05, 3.529e-01, 3.529e-01, 6.237e+00, 2.554e+00, -6.700e-01, 0.000e+00
1.960e-01, 1.959e+00, -4.809e-05, 6.451e-06, 3.531e-01, 3.531e-01, 6.244e+00, 2.553e+00, -6.700e-01, 0.000e+00
1.965e-01, 1.957e+00, -4.815e-05, 1.398e-06, 3.532e-01, 3.532e-01, 6.250e+00, 2.552e+00, -6.700e-01, 0.000e+00
1.970e-01, 1.956e+00, -4.811e-05, -2.604e-06, 3.533e-01, 3.533e-01, 6.255e+00, 2.551e+00, -6.700e-01, 0.000e+00
1.975e-01, 1.954e+00, -4.794e-05, -7.702e-06, 3.534e-01, 3.534e-01, 6.261e+00, 2.550e+00, -6.700e-01, 0.000e+00
1.980e-01, 1.952e+00, -4.765e-05, -1.284e-05, 3.536e-01, 3.536e-01, 6.267e+00, 2.549e+00, -6.700e-01, 0.000e+00
1.985e-01, 1.951e+00, -4.723e-05, -1.800e-05, 3.537e-01, 3.537e-01, 6.273e+00, 2.548e+00, -6.700e-01, 0.000e+00
1.990e-01, 1.949e+00, -4.668e-05, -2.315e-05, 3.538e-01, 3.538e-01, 6.279e+00, 2.547e+00, -6.700e-01, 0.000e+00
1.995e-01, 1.947e+00, -4.600e-05, -2.829e-05, 3.540e-01, 3.540e-01, 6.285e+00, 2.546e+00, -6.700e-01, 0.000e+00
2.000e-01, 1.945e+00, -4.518e-05, -3.339e-05, 3.541e-01, 3.541e-01, 6.291e+00, 2.545e+00, -6.700e-01, 0.000e+00
2.005e-01, 1.944e+00, -4.425e-05, -3.837e-05, 3.542e-01, 3.542e-01, 6.297e+00, 2.543e+00, -6.700e-01, 0.000e+00
2.010e-01, 1.942e+00, -4.319e-05, -4.326e-05, 3.544e-01, 3.544e-01, 6.303e+00, 2.542e+00, -6.700e-01, 0.000e+00
2.015e-01, 1.940e+00, -4.200e-05, -4.808e-05, 3.545e-01, 3.545e-01, 6.309e+00, 2.541e+00, -6.700e-01, 0.000e+00
2.020e-01, 1.939e+00, -4.069e-05, -5.280e-05, 3.546e-01, 3.546e-01, 6.315e+00, 2.540e+00, -6.700e-01, 0.000e+00
2.025e-01, 1.937e+00, -3.925e-05, -5.740e-05, 3.547e-01, 3.547e-01, 6.321e+00, 2.539e+00, -6.700e-01, 0.000e+00
2.030e-01, 1.935e+00, -3.770e-05, -6.188e-05, 3.549e-01, 3.549e-01, 6.327e+00, 2.538e+00, -6.700e-01, 0.000e+00
2.035e-01, 1.933e+00, -3.603e-05, -6.621e-05, 3.550e-01, 3.550e-01, 6.333e+00, 2.537e+00, -6.700e-01, 0.000e+00
2.040e-01, 1.932e+00, -3.424e-05, -7.039e-05, 3.551e-01, 3.551e-01, 6.339e+00, 2.536e+00, -6.700e-01, 0.000e+00
2.045e-01, 1.930e+00, -3.234e-05, -7.441e-05, 3.552e-01, 3.552e-01, 6.345e+00, 2.535e+00, -6.700e-01, 0.000e+00
2.050e-01, 1.928e+00, -3.034e-05, -7.824e-05, 3.554e-01, 3.554e-01, 6.351e+00, 2.533e+00, -6.700e-01, 0.000e+00
2.055e-01, 1.927e+00, -2.824e-05, -8.187e-05, 3.555e-01, 3.555e-01, 6.357e+00, 2.532e+00, -6.700e-01, 0.000e+00
2.060e-01, 1.925e+00, -2.604e-05, -8.530e-05, 3.556e-01, 3.556e-01, 6.363e+00, 2.531e+00, -6.700e-01, 0.000e+00
2.065e-01, 1.923e+00, -2.375e-05, -8.851e-05, 3.558e-01, 3.558e-01, 6.369e+00, 2.530e+00, -6.700e-01, 0.000e+00
2.070e-01, 1.922e+00, -2.138e-05, -9.149e-05, 3.559e-01, 3.559e-01, 6.375e+00, 2.529e+00, -6.700e-01, 0.000e+00
2.075e-01, 1.920e+00, -1.893e-05, -9.423e-05, 3.560e-01, 3.560e-01, 6.381e+00, 2.528e+00, -6.700e-01, 0.000e+00
2.080e-01, 1.918e+00, -1.642e-05, -9.672e-05, 3.561e-01, 3.561e-01, 6.387e+00, 2.527e+00, -6.700e-01, 0.000e+00
2.085e-01, 1.916e+00, -1.383e-05, -9.896e-05, 3.563e-01, 3.563e-01, 6.392e+00, 2.526e+00, -6.700e-01, 0.000e+00
2.090e-01, 1.915e+00, -1.120e-05, -1.009e-04, 3.564e-01, 3.564e-01, 6.398e+00, 2.525e+00, -6.700e-01, 0.000e+00
2.095e-01, 1.913e+00, -8.518e-06, -1.026e-04, 3.565e-01, 3.565e-01, 6.404e+00, 2.524e+00, -6.700e-01, 0.000e+00
2.100e-01, 1.911e+00, -5.797e-06, -1.040e-04, 3.566e-01, 3.566e-01, 6.410e+00, 2.522e+00, -6.700e-01, 0.000e+00
2.105e-01, 1.910e+00, -3.046e-06, -1.052e-04, 3.568e-01, 3.568e-01, 6.416e+00, 2.521e+00, -6.700e-01, 0.000e+00
2.110e-01, 1.908e+00, -2.160e-07, -1.060e-04, 3.569e-01, 3.569e-01, 6.422e+00, 2.520e+00, -6.700e-01, 0.000e+00
2.115e-01, 1.906e+00, 2.644e-06, -1.066e-04, 3.570e-01, 3.570e-01, 6.428e+00, 2.519e+00, -6.700e-01, 0.000e+00
2.120e-01, 1.905e+00, 5.508e-06, -1.068e-04, 3.572e-01, 3.572e-01, 6.434e+00, 2.518e+00, -6.700e-01, 0.000e+00
2.125e-01, 1.903e+00, 8.369e-06, -1.067e-04, 3.573e-01, 3.573e-01, 6.440e+00, 2.517e+00, -6.700e-01, 0.000e+00
2.130e-01, 1.901e+00, 1.121e-05, -1.064e-04, 3.574e-01, 3.574e-01, 6.446e+00, 2.516e+00, -6.700e-01, 0.000e+00
2.135e-01, 1.899e+00, 1.404e-05, -1.057e-04, 3.575e-01, 3.575e-01, 6.452e+00, 2.515e+00, -6.700e-01, 0.000e+00
2.140e-01, 1.898e+00, 1.683e-05, -1.046e-04, 3.577e-01, 3.577e-01, 6.458e+00, 2.514e+00, -6.700e-01, 0.000e+00
2.145e-01, 1.896e+00, 1.958e-05, -1.033e-04, 3.578e-01, 3.578e-01, 6.464e+00, 2.512e+00, -6.700e-01, 0.000e+00
2.150e-01, 1.894e+00, 2.228e-05, -1.017e-04, 3.579e-01, 3.579e-01, 6.470e+00, 2.511e+00, -6.700e-01, 0.000e+00
2.155e-01, 1.893e+00, 2.492e-05, -9.973e-05, 3.581e-01, 3.581e-01, 6.476e+00, 2.510e+00, -6.700e-01, 0.000e+00
2.160e-01, 1.891e+00, 2.749e-05, -9.749e-05, 3.582e-01, 3.582e-01, 6.482e+00, 2.509e+00, -6.700e-01, 0.000e+00
2.165e-01, 1.889e+00, 2.999e-05, -9.496e-05, 3.583e-01, 3.583e-01, 6.488e+00, 2.508e+00, -6.700e-01, 0.000e+00
2.170e-01, 1.888e+00, 3.241e-05, -9.213e-05, 3.584e-01, 3.584e-01, 6.494e+00, 2.507e+00, -6.700e-01, 0.000e+00
2.175e-01, 1.886e+00, 3.473e-05, -8.903e-05, 3.586e-01, 3.586e-01, 6.500e+00, 2.506e+00, -6.700e-01, 0.000e+00
2.180e-01, 1.884e+00, 3.695e-05, -8.565e-05, 3.587e-01, 3.587e-01, 6.506e+00, 2.505e+00, -6.700e-01, 0.000e+00
2.185e-01, 1.882e+00, 3.908e-05, -8.201e-05, 3.588e-01, 3.588e-01, 6.511e+00, 2.504e+00, -6.700e-01, 0.000e+00
2.190e-01, 1.881e+00, 4.109e-05, -7.812e-05, 3.589e-01, 3.589e-01, 6.517e+00, 2.502e+00, -6.700e-01, 0.000e+00
2.195e-01, 1.879e+00, 4.298e-05, -7.399e-05, 3.591e-01, 3.591e-01, 6.523e+00, 2.501e+00, -6.700e-01, 0.000e+00
2.200e-01, 1.877e+00, 4.475e-05, -6.962e-05, 3.592e-01, 3.592e-01, 6.529e+00, 2.500e+00, -6.700e-01, 0.000e+00
2.205e-01, 1.876e+00, 4.639e-05, -6.504e-05, 3.593e-01, 3.593e-01, 6.535e+00, 2.499e+00, -6.700e-01, 0.000e+00
2.210e-01, 1.874e+00, 4.790e-05, -6.025e-05, 3.594e-01, 3.594e-01, 6.541e+00, 2.498e+00, -6.700e-01, 0.000e+00
2.215e-01, 1.872e+00, 4.927e-05, -5.527e-05, 3.596e-01, 3.596e-01, 6.547e+00, 2.497e+00, -6.700e-01, 0.000e+00
2.220e-01, 1.871e+00, 5.050e-05, -5.012e-05, 3.597e-01, 3.597e-01, 6.553e+00, 2.496e+00, -6.700e-01, 0.000e+00
2.225e-01, 1.869e+00, 5.159e-05, -4.479e-05, 3.598e-01, 3.598e-01, 6.559e+00, 2.495e+00, -6.700e-01, 0.000e+00
2.230e-01, 1.867e+00, 5.252e-05, -3.942e-05, 3.600e-01, 3.600e-01, 6.564e+00, 2.494e+00, -6.700e-01, 0.000e+00
2.235e-01, 1.866e+00, 5.329e-05, -3.399e-05, 3.601e-01, 3.601e-01, 6.570e+00, 2.493e+00, -6.700e-01, 0.000e+00
2.240e-01, 1.864e+00, 5.392e-05, -2.843e-05, 3.602e-01, 3.602e-01, 6.576e+00, 2.492e+00, -6.700e-01, 0.000e+00
2.245e-01, 1.862e+00, 5.450e-05, -2.143e-05, 3.603e-01, 3.603e-01, 6.583e+00, 2.490e+00, -6.700e-01, 0.000e+00
2.250e-01, 1.860e+00, 5.480e-05, -1.558e-05, 3.605e-01, 3.605e-01, 6.589e+00, 2.489e+00, -6.700e-01, 0.000e+00
2.255e-01, 1.859e+00, 5.496e-05, -9.655e-06, 3.606e-01, 3.606e-01, 6.594e+00, 2.488e+00, -6.700e-01, 0.000e+00
2.260e-01, 1.857e+00, 5.496e-05, -3.839e-06, 3.607e-01, 3.607e-01, 6.600e+00, 2.487e+00, -6.700e-01, 0.000e+00
2.265e-01, 1.856e+00, 5.482e-05, 1.987e-06, 3.608e-01, 3.608e-01, 6.606e+00, 2.486e+00, -6.700e-01, 0.000e+00
2.270e-01, 1.854e+00, 5.454e-05, 7.830e-06, 3.610e-01, 3.610e-01, 6.611e+00, 2.485e+00, -6.700e-01, 0.000e+00
2.275e-01, 1.853e+00, 5.423e-05, 1.226e-05, 3.610e-01, 3.610e-01, 6.615e+00, 2.484e+00, -6.700e-01, 0.000e+00
2.280e-01, 1.851e+00, 5.369e-05, 1.816e-05, 3.612e-01, 3.612e-01, 6.621e+00, 2.483e+00, -6.700e-01, 0.000e+00
2.285e-01, 1.849e+00, 5.300e-05, 2.403e-05, 3.613e-01, 3.613e-01, 6.627e+00, 2.482e+00, -6.700e-01, 0.000e+00
2.290e-01, 1.848e+00, 5.218e-05, 2.987e-05, 3.614e-01, 3.614e-01, 6.632e+00, 2.481e+00, -6.700e-01, 0.000e+00
2.295e-01, 1.846e+00, 5.121e-05, 3.562e-05, 3.615e-01, 3.615e-01, 6.638e+00, 2.480e+00, -6.700e-01, 0.000e+00
2.300e-01, 1.845e+00, 5.013e-05, 4.118e-05, 3.616e-01, 3.616e-01, 6.644e+00, 2.479e+00, -6.700e-01, 0.000e+00
2.305e-01, 1.843e+00, 4.892e-05, 4.666e-05, 3.618e-01, 3.618e-01, 6.649e+00, 2.478e+00, -6.700e-01, 0.000e+00
2.310e-01, 1.842e+00, 4.758e-05, 5.203e-05, 3.619e-01, 3.619e-01, 6.655e+00, 2.477e+00, -6.700e-01, 0.000e+00
2.315e-01, 1.840e+00, 4.612e-05, 5.729e-05, 3.620e-01, 3.620e-01, 6.660e+00, 2.476e+00, -6.700e-01, 0.000e+00
2.320e-01, 1.838e+00, 4.454e-05, 6.241e-05, 3.621e-01, 3.621e-01, 6.666e+00, 2.475e+00, -6.700e-01, 0.000e+00
2.325e-01, 1.837e+00, 4.284e-05, 6.739e-05, 3.622e-01, 3.622e-01, 6.671e+00, 2.474e+00, -6.700e-01, 0.000e+00
2.330e-01, 1.835e+00, 4.103e-05, 7.222e-05, 3.624e-01, 3.624e-01, 6.677e+00, 2.473e+00, -6.700e-01, 0.000e+00
2.335e-01, 1.834e+00, 3.911e-05, 7.687e-05, 3.625e-01, 3.625e-01, 6.682e+00, 2.472e+00, -6.700e-01, 0.000e+00
2.340e-01, 1.832e+00, 3.708e-05, 8.134e-05, 3.626e-01, 3.626e-01, 6.688e+00, 2.471e+00, -6.700e-01, 0.000e+00
2.345e-01, 1.831e+00, 3.496e-05, 8.561e-05, 3.627e-01, 3.627e-01, 6.693e+00, 2.470e+00, -6.700e-01, 0.000e+00
2.350e-01, 1.829e+00, 3.273e-05, 8.968e-05, 3.628e-01, 3.628e-01, 6.699e+00, 2.469e+00, -6.700e-01, 0.000e+00
2.355e-01, 1.827e+00, 3.041e-05, 9.353e-05, 3.629e-01, 3.629e-01, 6.704e+00, 2.468e+00, -6.700e-01, 0.000e+00
2.360e-01, 1.826e+00, 2.801e-05, 9.714e-05, 3.631e-01, 3.631e-01, 6.709e+00, 2.467e+00, -6.700e-01, 0.000e+00
2.365e-01, 1.824e+00, 2.553e-05, 1.005e-04, 3.632e-01, 3.632e-01, 6.715e+00, 2.466e+00, -6.700e-01, 0.000e+00
2.370e-01, 1.823e+00, 2.297e-05, 1.037e-04, 3.633e-01, 3.633e-01, 6.720e+00, 2.465e+00, -6.700e-01, 0.000e+00
2.375e-01, 1.821e+00, 2.034e-05, 1.065e-04, 3.634e-01, 3.634e-01, 6.726e+00, 2.464e+00, -6.700e-01, 0.000e+00
2.380e-01, 1.820e+00, 1.764e-05, 1.091e-04, 3.635e-01, 3.635e-01, 6.731e+00, 2.463e+00, -6.700e-01, 0.000e+00
2.385e-01, 1.818e+00, 1.489e-05, 1.115e-04, 3.636e-01, 3.636e-01, 6.737e+00, 2.462e+00, -6.700e-01, 0.000e+00
2.390e-01, 1.817e+00, 1.209e-05, 1.135e-04, 3.638e-01, 3.638e-01, 6.742e+00, 2.461e+00, -6.700e-01, 0.000e+00
2.395e-01, 1.815e+00, 9.237e-06, 1.153e-04, 3.639e-01, 3.639e-01, 6.747e+00, 2.460e+00, -6.700e-01, 0.000e+00
2.400e-01, 1.813e+00, 6.347e-06, 1.167e-04, 3.640e-01, 3.640e-01, 6.753e+00, 2.459e+00, -6.700e-01, 0.000e+00
2.405e-01, 1.812e+00, 3.425e-06, 1.179e-04, 3.641e-01, 3.641e-01, 6.758e+00, 2.458e+00, -6.700e-01, 0.000e+00
2.410e-01, 1.810e+00, 4.229e-07, 1.188e-04, 3.642e-01, 3.642e-01, 6.764e+00, 2.457e+00, -6.700e-01, 0.000e+00
2.415e-01, 1.809e+00, -2.621e-06, 1.194e-04, 3.643e-01, 3.643e-01, 6.769e+00, 2.456e+00, -6.700e-01, 0.000e+00
2.420e-01, 1.807e+00, -5.676e-06, 1.196e-04, 3.645e-01, 3.645e-01, 6.775e+00, 2.455e+00, -6.700e-01, 0.000e+00
2.425e-01, 1.806e+00, -8.735e-06, 1.195e-04, 3.646e-01, 3.646e-01, 6.780e+00, 2.454e+00, -6.700e-01, 0.000e+00
2.430e-01, 1.804e+00, -1.179e-05, 1.191e-04, 3.647e-01, 3.647e-01, 6.786e+00, 2.453e+00, -6.700e-01, 0.000e+00
2.435e-01, 1.802e+00, -1.483e-05, 1.183e-04, 3.648e-01, 3.648e-01, 6.791e+00, 2.452e+00, -6.700e-01, 0.000e+00
2.440e-01, 1.801e+00, -1.786e-05, 1.173e-04, 3.649e-01, 3.649e-01, 6.797e+00, 2.451e+00, -6.700e-01, 0.000e+00
2.445e-01, 1.799e+00, -2.085e-05, 1.159e-04, 3.651e-01, 3.651e-01, 6.802e+00, 2.450e+00, -6.700e-01, 0.000e+00
2.450e-01, 1.798e+00, -2.380e-05, 1.141e-04, 3.652e-01, 3.652e-01, 6.806e+00, 2.449e+00, -6.700e-01, 0.000e+00
2.455e-01, 1.796e+00, -2.671e-05, 1.121e-04, 3.654e-01, 3.654e-01, 6.809e+00, 2.448e+00, -6.700e-01, 0.000e+00
2.460e-01, 1.795e+00, -2.957e-05, 1.097e-04, 3.655e-01, 3.655e-01, 6.813e+00, 2.447e+00, -6.700e-01, 0.000e+00
2.465e-01, 1.793e+00, -3.237e-05, 1.070e-04, 3.657e-01, 3.657e-01, 6.817e+00, 2.446e+00, -6.700e-01, 0.000e+00
2.470e-01, 1.792e+00, -3.509e-05, 1.040e-04, 3.658e-01, 3.658e-01, 6.821e+00, 2.444e+00, -6.700e-01, 0.000e+00
2.475e-01, 1.790e+00, -3.773e-05, 1.007e-04, 3.660e-01, 3.660e-01, 6.825e+00, 2.443e+00, -6.700e-01, 0.000e+00
2.480e-01, 1.788e+00, -4.029e-05, 9.704e-05, 3.662e-01, 3.662e-01, 6.829e+00, 2.442e+00, -6.700e-01, 0.000e+00
2.485e-01, 1.787e+00, -4.275e-05, 9.314e-05, 3.663e-01, 3.663e-01, 6.833e+00, 2.441e+00, -6.700e-01, 0.000e+00
2.490e-01, 1.785e+00, -4.511e-05, 8.896e-05, 3.665e-01, 3.665e-01, 6.837e+00, 2.440e+00, -6.700e-01, 0.000e+00
2.495e-01, 1.784e+00, -4.735e-05, 8.450e-05, 3.666e-01, 3.666e-01, 6.841e+00, 2.439e+00, -6.700e-01, 0.000e+00
2.500e-01, 1.782e+00, -4.948e-05, 7.979e-05, 3.668e-01, 3.668e-01, 6.844e+00, 2.438e+00, -6.700e-01, 0.000e+00
2.505e-01, 1.781e+00, -5.147e-05, 7.482e-05, 3.669e-01, 3.669e-01, 6.848e+00, 2.437e+00, -6.700e-01, 0.000e+00
2.510e-01, 1.779e+00, -5.334e-05, 6.962e-05, 3.671e-01, 3.671e-01, 6.852e+00, 2.436e+00, -6.700e-01, 0.000e+00
2.515e-01, 1.778e+00, -5.506e-05, 6.419e-05, 3.672e-01, 3.672e-01, 6.856e+00, 2.435e+00, -6.700e-01, 0.000e+00
2.520e-01, 1.776e+00, -5.663e-05, 5.855e-05, 3.674e-01, 3.674e-01, 6.860e+00, 2.434e+00, -6.700e-01, 0.000e+00
2.525e-01, 1.774e+00, -5.805e-05, 5.272e-05, 3.676e-01, 3.676e-01, 6.864e+00, 2.433e+00, -6.700e-01, 0.000e+00
2.530e-01, 1.773e+00, -5.931e-05, 4.670e-05, 3.677e-01, 3.677e-01, 6.868e+00, 2.432e+00, -6.700e-01, 0.000e+00
2.535e-01, 1.771e+00, -6.038e-05, 4.068e-05, 3.679e-01, 3.679e-01, 6.871e+00, 2.431e+00, -6.700e-01, 0.000e+00
2.540e-01, 1.770e+00, -6.128e-05, 3.457e-05, 3.680e-01, 3.680e-01, 6.875e+00, 2.430e+00, -6.700e-01, 0.000e+00
2.545e-01, 1.768e+00, -6.216e-05, 2.687e-05, 3.682e-01, 3.682e-01, 6.880e+00, 2.429e+00, -6.700e-01, 0.000e+00
2.550e-01, 1.767e+00, -6.270e-05, 2.034e-05, 3.683e-01, 3.683e-01, 6.884e+00, 2.428e+00, -6.700e-01, 0.000e+00
2.555e-01, 1.765e+00, -6.306e-05, 1.371e-05, 3.685e-01, 3.685e-01, 6.887e+00, 2.427e+00, -6.700e-01, 0.000e+00
2.560e-01, 1.764e+00, -6.323e-05, 7.166e-06, 3.686e-01, 3.686e-01, 6.891e+00, 2.426e+00, -6.700e-01, 0.000e+00
2.565e-01, 1.762e+00, -6.323e-05, 6.009e-07, 3.688e-01, 3.688e-01, 6.895e+00, 2.425e+00, -6.700e-01, 0.000e+00
2.570e-01, 1.761e+00, -6.305e-05, -6.005e-06, 3.689e-01, 3.689e-01, 6.898e+00, 2.424e+00, -6.700e-01, 0.000e+00
2.575e-01, 1.760e+00, -6.281e-05, -1.080e-05, 3.690e-01, 3.690e-01, 6.901e+00, 2.424e+00, -6.700e-01, 0.000e+00
2.580e-01, 1.758e+00, -6.232e-05, -1.747e-05, 3.692e-01, 3.692e-01, 6.905e+00, 2.423e+00, -6.700e-01, 0.000e+00
2.585e-01, 1.757e+00, -6.164e-05, -2.413e-05, 3.693e-01, 3.693e-01, 6.909e+00, 2.422e+00, -6.700e-01, 0.000e+00
2.590e-01, 1.755e+00, -6.079e-05, -3.078e-05, 3.695e-01, 3.695e-01, 6.912e+00, 2.421e+00, -6.700e-01, 0.000e+00
2.595e-01, 1.754e+00, -5.976e-05, -3.738e-05, 3.696e-01, 3.696e-01, 6.916e+00, 2.420e+00, -6.700e-01, 0.000e+00
2.600e-01, 1.752e+00, -5.855e-05, -4.393e-05, 3.698e-01, 3.698e-01, 6.920e+00, 2.419e+00, -6.700e-01, 0.000e+00
2.605e-01, 1.751e+00, -5.716e-05, -5.040e-05, 3.699e-01, 3.699e-01, 6.923e+00, 2.418e+00, -6.700e-01, 0.000e+00
2.610e-01, 1.749e+00, -5.561e-05, -5.671e-05, 3.701e-01, 3.701e-01, 6.927e+00, 2.417e+00, -6.700e-01, 0.000e+00
2.615e-01, 1.748e+00, -5.391e-05, -6.283e-05, 3.702e-01, 3.702e-01, 6.931e+00, 2.416e+00, -6.700e-01, 0.000e+00
2.620e-01, 1.746e+00, -5.206e-05, -6.881e-05, 3.704e-01, 3.704e-01, 6.934e+00, 2.415e+00, -6.700e-01, 0.000e+00
2.625e-01, 1.745e+00, -5.005e-05, -7.464e-05, 3.705e-01, 3.705e-01, 6.938e+00, 2.414e+00, -6.700e-01, 0.000e+00
2.630e-01, 1.743e+00, -4.789e-05, -8.031e-05, 3.707e-01, 3.707e-01, 6.942e+00, 2.413e+00, -6.700e-01, 0.000e+00
2.635e-01, 1.742e+00, -4.559e-05, -8.580e-05, 3.708e-01, 3.708e-01, 6.945e+00, 2.412e+00, -6.700e-01, 0.000e+00
2.640e-01, 1.740e+00, -4.314e-05, -9.109e-05, 3.710e-01, 3.710e-01, 6.949e+00, 2.411e+00, -6.700e-01, 0.000e+00
2.645e-01, 1.739e+00, -4.057e-05, -9.616e-05, 3.711e-01, 3.711e-01, 6.952e+00, 2.410e+00, -6.700e-01, 0.000e+00
2.650e-01, 1.738e+00, -3.787e-05, -1.010e-04, 3.712e-01, 3.712e-01, 6.956e+00, 2.409e+00, -6.700e-01, 0.000e+00
2.655e-01, 1.736e+00, -3.506e-05, -1.056e-04, 3.714e-01, 3.714e-01, 6.960e+00, 2.409e+00, -6.700e-01, 0.000e+00
2.660e-01, 1.735e+00, -3.213e-05, -1.100e-04, 3.715e-01, 3.715e-01, 6.963e+00, 2.408e+00, -6.700e-01, 0.000e+00
2.665e-01, 1.733e+00, -2.910e-05, -1.140e-04, 3.717e-01, 3.717e-01, 6.967e+00, 2.407e+00, -6.700e-01, 0.000e+00
2.670e-01, 1.732e+00, -2.598e-05, -1.178e-04, 3.718e-01, 3.718e-01, 6.970e+00, 2.406e+00, -6.700e-01, 0.000e+00
2.675e-01, 1.730e+00, -2.278e-05, -1.214e-04, 3.720e-01, 3.720e-01, 6.974e+00, 2.405e+00, -6.700e-01, 0.000e+00
2.680e-01, 1.729e+00, -1.949e-05, -1.246e-04, 3.721e-01, 3.721e-01, 6.978e+00, 2.404e+00, -6.700e-01, 0.000e+00
2.685e-01, 1.728e+00, -1.615e-05, -1.274e-04, 3.722e-01, 3.722e-01, 6.981e+00, 2.403e+00, -6.700e-01, 0.000e+00
2.690e-01, 1.726e+00, -1.274e-05, -1.300e-04, 3.724e-01, 3.724e-01, 6.985e+00, 2.402e+00, -6.700e-01, 0.000e+00
2.695e-01, 1.725e+00, -9.287e-06, -1.322e-04, 3.725e-01, 3.725e-01, 6.988e+00, 2.401e+00, -6.700e-01, 0.000e+00
2.700e-01, 1.723e+00, -5.796e-06, -1.341e-04, 3.727e-01, 3.727e-01, 6.992e+00, 2.400e+00, -6.700e-01, 0.000e+00
2.705e-01, 1.722e+00, -2.277e-06, -1.357e-04, 3.728e-01, 3.728e-01, 6.995e+00, 2.399e+00, -6.700e-01, 0.000e+00
2.710e-01, 1.720e+00, 1.317e-06, -1.369e-04, 3.730e-01, 3.730e-01, 6.999e+00, 2.398e+00, -6.700e-01, 0.000e+00
2.715e-01, 1.719e+00, 4.954e-06, -1.377e-04, 3.731e-01, 3.731e-01, 7.003e+00, 2.397e+00, -6.700e-01, 0.000e+00
2.720e-01, 1.717e+00, 8.588e-06, -1.382e-04, 3.733e-01, 3.733e-01, 7.006e+00, 2.396e+00, -6.700e-01, 0.000e+00
2.725e-01, 1.716e+00, 1.221e-05, -1.383e-04, 3.734e-01, 3.734e-01, 7.010e+00, 2.395e+00, -6.700e-01, 0.000e+00
2.730e-01, 1.715e+00, 1.580e-05, -1.380e-04, 3.735e-01, 3.735e-01, 7.014e+00, 2.394e+00, -6.700e-01, 0.000e+00
2.735e-01, 1.713e+00, 1.937e-05, -1.373e-04, 3.737e-01, 3.737e-01, 7.017e+00, 2.394e+00, -6.700e-01, 0.000e+00
2.740e-01, 1.712e+00, 2.288e-05, -1.362e-04, 3.738e-01, 3.738e-01, 7.021e+00, 2.393e+00, -6.700e-01, 0.000e+00
2.745e-01, 1.710e+00, 2.634e-05, -1.348e-04, 3.740e-01, 3.740e-01, 7.025e+00, 2.392e+00, -6.700e-01, 0.000e+00
2.750e-01, 1.709e+00, 2.974e-05, -1.329e-04, 3.741e-01, 3.741e-01, 7.028e+00, 2.391e+00, -6.700e-01, 0.000e+00
2.755e-01, 1.707e+00, 3.306e-05, -1.307e-04, 3.743e-01, 3.743e-01, 7.032e+00, 2.390e+00, -6.700e-01, 0.000e+00
2.760e-01, 1.706e+00, 3.629e-05, -1.281e-04, 3.744e-01, 3.744e-01, 7.035e+00, 2.389e+00, -6.700e-01, 0.000e+00
2.765e-01, 1.704e+00, 3.943e-05, -1.251e-04, 3.746e-01, 3.746e-01, 7.039e+00, 2.388e+00, -6.700e-01, 0.000e+00
2.770e-01, 1.703e+00, 4.246e-05, -1.218e-04, 3.747e-01, 3.747e-01, 7.043e+00, 2.387e+00, -6.700e-01, 0.000e+00
2.775e-01, 1.702e+00, 4.538e-05, -1.180e-04, 3.748e-01, 3.748e-01, 7.046e+00, 2.386e+00, -6.700e-01, 0.000e+00
2.780e-01, 1.700e+00, 4.817e-05, -1.140e-04, 3.750e-01, 3.750e-01, 7.050e+00, 2.385e+00, -6.700e-01, 0.000e+00
2.785e-01, 1.699e+00, 5.084e-05, -1.096e-04, 3.751e-01, 3.751e-01, 7.053e+00, 2.384e+00, -6.700e-01, 0.000e+00
2.790e-01, 1.697e+00, 5.337e-05, -1.049e-04, 3.753e-01, 3.753e-01, 7.057e+00, 2.383e+00, -6.700e-01, 0.000e+00
2.795e-01, 1.696e+00, 5.575e-05, -9.980e-05, 3.754e-01, 3.754e-01, 7.061e+00, 2.382e+00, -6.700e-01, 0.000e+00
2.800e-01, 1.694e+00, 5.798e-05, -9.444e-05, 3.756e-01, 3.756e-01, 7.064e+00, 2.381e+00, -6.700e-01, 0.000e+00
2.805e-01, 1.693e+00, 6.005e-05, -8.878e-05, 3.757e-01, 3.757e-01, 7.068e+00, 2.380e+00, -6.700e-01, 0.000e+00
2.810e-01, 1.691e+00, 6.195e-05, -8.284e-05, 3.759e-01, 3.759e-01, 7.071e+00, 2.379e+00, -6.700e-01, 0.000e+00
2.815e-01, 1.690e+00, 6.368e-05, -7.663e-05, 3.760e-01, 3.760e-01, 7.075e+00, 2.379e+00, -6.700e-01, 0.000e+00
2.820e-01, 1.689e+00, 6.524e-05, -7.017e-05, 3.761e-01, 3.761e-01, 7.078e+00, 2.378e+00, -6.700e-01, 0.000e+00
2.825e-01, 1.687e+00, 6.661e-05, -6.348e-05, 3.763e-01, 3.763e-01, 7.082e+00, 2.377e+00, -6.700e-01, 0.000e+00
2.830e-01, 1.686e+00, 6.775e-05, -5.680e-05, 3.764e-01, 3.764e-01, 7.086e+00, 2.376e+00, -6.700e-01, 0.000e+00
2.835e-01, 1.684e+00, 6.872e-05, -4.994e-05, 3.766e-01, 3.766e-01, 7.089e+00, 2.375e+00, -6.700e-01, 0.000e+00
2.840e-01, 1.683e+00, 6.951e-05, -4.290e-05, 3.767e-01, 3.767e-01, 7.092e+00, 2.374e+00, -6.700e-01, 0.000e+00
2.845e-01, 1.681e+00, 7.024e-05, -3.372e-05, 3.769e-01, 3.769e-01, 7.097e+00, 2.373e+00, -6.700e-01, 0.000e+00
2.850e-01, 1.680e+00, 7.061e-05, -2.618e-05, 3.770e-01, 3.770e-01, 7.100e+00, 2.372e+00, -6.700e-01, 0.000e+00
2.855e-01, 1.678e+00, 7.079e-05, -1.852e-05, 3.772e-01, 3.772e-01, 7.104e+00, 2.371e+00, -6.700e-01, 0.000e+00
2.860e-01, 1.677e+00, 7.076e-05, -1.093e-05, 3.773e-01, 3.773e-01, 7.107e+00, 2.370e+00, -6.700e-01, 0.000e+00
2.865e-01, 1.676e+00, 7.055e-05, -3.328e-06, 3.774e-01, 3.774e-01, 7.111e+00, 2.369e+00, -6.700e-01, 0.000e+00
2.870e-01, 1.674e+00, 7.015e-05, 4.330e-06, 3.776e-01, 3.776e-01, 7.114e+00, 2.368e+00, -6.700e-01, 0.000e+00
2.875e-01, 1.673e+00, 6.977e-05, 9.565e-06, 3.777e-01, 3.777e-01, 7.116e+00, 2.368e+00, -6.700e-01, 0.000e+00
2.880e-01, 1.672e+00, 6.905e-05, 1.730e-05, 3.778e-01, 3.778e-01, 7.120e+00, 2.367e+00, -6.700e-01, 0.000e+00
2.885e-01, 1.671e+00, 6.813e-05, 2.505e-05, 3.779e-01, 3.779e-01, 7.123e+00, 2.366e+00, -6.700e-01, 0.000e+00
2.890e-01, 1.669e+00, 6.703e-05, 3.279e-05, 3.781e-01, 3.781e-01, 7.127e+00, 2.365e+00, -6.700e-01, 0.000e+00
2.895e-01, 1.668e+00, 6.574e-05, 4.049e-05, 3.782e-01, 3.782e-01, 7.130e+00, 2.364e+00, -6.700e-01, 0.000e+00
2.900e-01, 1.667e+00, 6.427e-05, 4.813e-05, 3.783e-01, 3.783e-01, 7.134e+00, 2.363e+00, -6.700e-01, 0.000e+00
2.905e-01, 1.665e+00, 6.261e-05, 5.569e-05, 3.785e-01, 3.785e-01, 7.137e+00, 2.362e+00, -6.700e-01, 0.000e+00
2.910e-01, 1.664e+00, 6.077e-05, 6.315e-05, 3.786e-01, 3.786e-01, 7.140e+00, 2.361e+00, -6.700e-01, 0.000e+00
2.915e-01, 1.662e+00, 5.876e-05, 7.049e-05, 3.788e-01, 3.788e-01, 7.144e+00, 2.361e+00, -6.700e-01, 0.000e+00
2.920e-01, 1.661e+00, 5.659e-05, 7.762e-05, 3.789e-01, 3.789e-01, 7.147e+00, 2.360e+00, -6.700e-01, 0.000e+00
2.925e-01, 1.660e+00, 5.430e-05, 8.448e-05, 3.790e-01, 3.790e-01, 7.151e+00, 2.359e+00, -6.700e-01, 0.000e+00
2.930e-01, 1.658e+00, 5.186e-05, 9.116e-05, 3.792e-01, 3.792e-01, 7.154e+00, 2.358e+00, -6.700e-01, 0.000e+00
2.935e-01, 1.657e+00, 4.927e-05, 9.764e-05, 3.793e-01, 3.793e-01, 7.157e+00, 2.357e+00, -6.700e-01, 0.000e+00
2.940e-01, 1.656e+00, 4.654e-05, 1.039e-04, 3.794e-01, 3.794e-01, 7.161e+00, 2.356e+00, -6.700e-01, 0.000e+00
2.945e-01, 1.654e+00, 4.367e-05, 1.099e-04, 3.796e-01, 3.796e-01, 7.164e+00, 2.355e+00, -6.700e-01, 0.000e+00
2.950e-01, 1.653e+00, 4.068e-05, 1.157e-04, 3.797e-01, 3.797e-01, 7.167e+00, 2.354e+00, -6.700e-01, 0.000e+00
2.955e-01, 1.652e+00, 3.757e-05, 1.212e-04, 3.798e-01, 3.798e-01, 7.171e+00, 2.354e+00, -6.700e-01, 0.000e+00
2.960e-01, 1.650e+00, 3.434e-05, 1.264e-04, 3.800e-01, 3.800e-01, 7.174e+00, 2.353e+00, -6.700e-01, 0.000e+00
2.965e-01, 1.649e+00, 3.101e-05, 1.313e-04, 3.801e-01, 3.801e-01, 7.177e+00, 2.352e+00, -6.700e-01, 0.000e+00
2.970e-01, 1.648e+00, 2.759e-05, 1.358e-04, 3.802e-01, 3.802e-01, 7.181e+00, 2.351e+00, -6.700e-01, 0.000e+00
2.975e-01, 1.646e+00, 2.408e-05, 1.401e-04, 3.804e-01, 3.804e-01, 7.184e+00, 2.350e+00, -6.700e-01, 0.000e+00
2.980e-01, 1.645e+00, 2.048e-05, 1.440e-04, 3.805e-01, 3.805e-01, 7.187e+00, 2.349e+00, -6.700e-01, 0.000e+00
2.985e-01, 1.644e+00, 1.682e-05, 1.475e-04, 3.806e-01, 3.806e-01, 7.191e+00, 2.348e+00, -6.700e-01, 0.000e+00
2.990e-01, 1.642e+00, 1.310e-05, 1.507e-04, 3.808e-01, 3.808e-01, 7.194e+00, 2.348e+00, -6.700e-01, 0.000e+00
2.995e-01, 1.641e+00, 9.328e-06, 1.535e-04, 3.809e-01, 3.809e-01, 7.197e+00, 2.347e+00, -6.700e-01, 0.000e+00
3.000e-01, 1.640e+00, 5.514e-06, 1.558e-04, 3.810e-01, 3.810e-01, 7.201e+00, 2.346e+00, -6.700e-01, 0.000e+00
