# Time,     alpha,      beta,     p,      q,      r,    MX,     MY,     MZ 
5.000e-04, 8.417e-06, 7.858e-07, 9.978e+02, 7.841e-04, 8.398e-03, -1.350e-03, -7.701e-04, 7.281e-05
1.000e-03, 1.295e-05, 1.947e-06, 9.966e+02, 1.940e-03, 1.291e-02, -1.348e-03, -1.176e-03, 1.793e-04
1.500e-03, 1.682e-05, 3.485e-06, 9.954e+02, 3.468e-03, 1.674e-02, -1.347e-03, -1.516e-03, 3.195e-04
2.000e-03, 1.764e-05, 3.897e-06, 9.951e+02, 3.878e-03, 1.755e-02, -1.346e-03, -1.587e-03, 3.570e-04
2.500e-03, 2.106e-05, 6.070e-06, 9.938e+02, 6.032e-03, 2.093e-02, -1.344e-03, -1.878e-03, 5.536e-04
3.000e-03, 2.376e-05, 8.671e-06, 9.925e+02, 8.606e-03, 2.359e-02, -1.343e-03, -2.100e-03, 7.874e-04
3.500e-03, 2.560e-05, 1.159e-05, 9.912e+02, 1.149e-02, 2.537e-02, -1.341e-03, -2.239e-03, 1.048e-03
4.000e-03, 2.643e-05, 1.441e-05, 9.900e+02, 1.427e-02, 2.616e-02, -1.339e-03, -2.288e-03, 1.298e-03
4.500e-03, 2.645e-05, 1.738e-05, 9.888e+02, 1.719e-02, 2.616e-02, -1.338e-03, -2.263e-03, 1.560e-03
5.000e-03, 2.564e-05, 2.042e-05, 9.876e+02, 2.017e-02, 2.532e-02, -1.336e-03, -2.163e-03, 1.825e-03
5.500e-03, 2.399e-05, 2.345e-05, 9.864e+02, 2.314e-02, 2.366e-02, -1.334e-03, -1.988e-03, 2.088e-03
6.000e-03, 2.152e-05, 2.641e-05, 9.852e+02, 2.602e-02, 2.120e-02, -1.333e-03, -1.742e-03, 2.341e-03
6.500e-03, 1.827e-05, 2.920e-05, 9.840e+02, 2.873e-02, 1.798e-02, -1.331e-03, -1.430e-03, 2.577e-03
7.000e-03, 1.479e-05, 3.149e-05, 9.829e+02, 3.095e-02, 1.454e-02, -1.330e-03, -1.103e-03, 2.767e-03
7.500e-03, 1.071e-05, 3.359e-05, 9.818e+02, 3.298e-02, 1.052e-02, -1.328e-03, -7.262e-04, 2.939e-03
8.000e-03, 6.124e-06, 3.541e-05, 9.806e+02, 3.473e-02, 6.006e-03, -1.326e-03, -3.091e-04, 3.084e-03
8.500e-03, 1.139e-06, 3.689e-05, 9.795e+02, 3.613e-02, 1.116e-03, -1.325e-03, 1.379e-04, 3.198e-03
9.000e-03, -4.127e-06, 3.798e-05, 9.783e+02, 3.715e-02, -4.037e-03, -1.323e-03, 6.039e-04, 3.274e-03
9.500e-03, -9.564e-06, 3.862e-05, 9.771e+02, 3.774e-02, -9.346e-03, -1.322e-03, 1.079e-03, 3.311e-03
1.000e-02, -1.504e-05, 3.879e-05, 9.760e+02, 3.786e-02, -1.468e-02, -1.320e-03, 1.550e-03, 3.306e-03
1.050e-02, -2.041e-05, 3.847e-05, 9.748e+02, 3.750e-02, -1.990e-02, -1.318e-03, 2.007e-03, 3.256e-03
1.100e-02, -2.556e-05, 3.764e-05, 9.736e+02, 3.664e-02, -2.489e-02, -1.317e-03, 2.437e-03, 3.161e-03
1.150e-02, -3.036e-05, 3.629e-05, 9.724e+02, 3.529e-02, -2.953e-02, -1.315e-03, 2.831e-03, 3.022e-03
1.200e-02, -3.471e-05, 3.443e-05, 9.711e+02, 3.343e-02, -3.371e-02, -1.314e-03, 3.179e-03, 2.838e-03
1.250e-02, -3.849e-05, 3.204e-05, 9.699e+02, 3.108e-02, -3.733e-02, -1.312e-03, 3.473e-03, 2.610e-03
1.300e-02, -4.160e-05, 2.913e-05, 9.686e+02, 2.822e-02, -4.030e-02, -1.310e-03, 3.704e-03, 2.337e-03
1.350e-02, -4.396e-05, 2.565e-05, 9.673e+02, 2.481e-02, -4.252e-02, -1.308e-03, 3.865e-03, 2.015e-03
1.400e-02, -4.519e-05, 2.240e-05, 9.662e+02, 2.164e-02, -4.366e-02, -1.307e-03, 3.934e-03, 1.720e-03
1.450e-02, -4.572e-05, 1.891e-05, 9.651e+02, 1.825e-02, -4.412e-02, -1.305e-03, 3.941e-03, 1.406e-03
1.500e-02, -4.554e-05, 1.519e-05, 9.640e+02, 1.465e-02, -4.390e-02, -1.304e-03, 3.887e-03, 1.074e-03
1.550e-02, -4.463e-05, 1.130e-05, 9.628e+02, 1.088e-02, -4.298e-02, -1.302e-03, 3.772e-03, 7.297e-04
1.600e-02, -4.303e-05, 7.282e-06, 9.617e+02, 7.004e-03, -4.138e-02, -1.301e-03, 3.598e-03, 3.775e-04
1.650e-02, -4.076e-05, 3.209e-06, 9.606e+02, 3.083e-03, -3.915e-02, -1.299e-03, 3.370e-03, 2.332e-05
1.700e-02, -3.819e-05, -4.700e-07, 9.595e+02, -4.509e-04, -3.665e-02, -1.298e-03, 3.122e-03, -2.940e-04
1.750e-02, -3.509e-05, -4.207e-06, 9.585e+02, -4.032e-03, -3.364e-02, -1.296e-03, 2.832e-03, -6.138e-04
1.800e-02, -3.154e-05, -7.917e-06, 9.574e+02, -7.580e-03, -3.019e-02, -1.295e-03, 2.507e-03, -9.287e-04
1.850e-02, -2.761e-05, -1.154e-05, 9.563e+02, -1.103e-02, -2.640e-02, -1.293e-03, 2.154e-03, -1.233e-03
1.900e-02, -2.340e-05, -1.501e-05, 9.552e+02, -1.434e-02, -2.235e-02, -1.292e-03, 1.781e-03, -1.523e-03
1.950e-02, -1.900e-05, -1.830e-05, 9.541e+02, -1.746e-02, -1.813e-02, -1.290e-03, 1.398e-03, -1.794e-03
2.000e-02, -1.452e-05, -2.137e-05, 9.529e+02, -2.037e-02, -1.384e-02, -1.289e-03, 1.013e-03, -2.044e-03
2.050e-02, -1.005e-05, -2.419e-05, 9.518e+02, -2.303e-02, -9.567e-03, -1.287e-03, 6.344e-04, -2.270e-03
2.100e-02, -5.700e-06, -2.674e-05, 9.507e+02, -2.542e-02, -5.419e-03, -1.286e-03, 2.702e-04, -2.470e-03
2.150e-02, -1.559e-06, -2.900e-05, 9.495e+02, -2.753e-02, -1.480e-03, -1.284e-03, -7.155e-05, -2.645e-03
2.200e-02, 2.282e-06, -3.096e-05, 9.484e+02, -2.936e-02, 2.165e-03, -1.283e-03, -3.838e-04, -2.792e-03
2.250e-02, 5.746e-06, -3.262e-05, 9.472e+02, -3.090e-02, 5.442e-03, -1.281e-03, -6.603e-04, -2.912e-03
2.300e-02, 8.756e-06, -3.399e-05, 9.460e+02, -3.215e-02, 8.283e-03, -1.279e-03, -8.954e-04, -3.006e-03
2.350e-02, 1.026e-05, -3.464e-05, 9.453e+02, -3.274e-02, 9.696e-03, -1.278e-03, -1.010e-03, -3.047e-03
2.400e-02, 1.237e-05, -3.552e-05, 9.440e+02, -3.353e-02, 1.168e-02, -1.277e-03, -1.165e-03, -3.098e-03
2.450e-02, 1.361e-05, -3.603e-05, 9.429e+02, -3.398e-02, 1.284e-02, -1.275e-03, -1.250e-03, -3.119e-03
2.500e-02, 1.429e-05, -3.632e-05, 9.418e+02, -3.420e-02, 1.346e-02, -1.274e-03, -1.288e-03, -3.121e-03
2.550e-02, 1.441e-05, -3.640e-05, 9.407e+02, -3.425e-02, 1.355e-02, -1.272e-03, -1.280e-03, -3.106e-03
2.600e-02, 1.401e-05, -3.632e-05, 9.397e+02, -3.413e-02, 1.317e-02, -1.271e-03, -1.232e-03, -3.078e-03
2.650e-02, 1.325e-05, -3.613e-05, 9.387e+02, -3.391e-02, 1.244e-02, -1.269e-03, -1.155e-03, -3.042e-03
2.700e-02, 1.134e-05, -3.564e-05, 9.372e+02, -3.340e-02, 1.063e-02, -1.267e-03, -9.806e-04, -2.971e-03
2.750e-02, 9.642e-06, -3.521e-05, 9.362e+02, -3.296e-02, 9.027e-03, -1.266e-03, -8.313e-04, -2.916e-03
2.800e-02, 7.607e-06, -3.471e-05, 9.352e+02, -3.246e-02, 7.114e-03, -1.265e-03, -6.571e-04, -2.855e-03
2.850e-02, 5.299e-06, -3.416e-05, 9.342e+02, -3.191e-02, 4.950e-03, -1.263e-03, -4.634e-04, -2.790e-03
2.900e-02, 2.784e-06, -3.358e-05, 9.331e+02, -3.134e-02, 2.598e-03, -1.262e-03, -2.559e-04, -2.722e-03
2.950e-02, 1.372e-07, -3.299e-05, 9.321e+02, -3.075e-02, 1.279e-04, -1.260e-03, -4.082e-05, -2.654e-03
3.000e-02, -2.564e-06, -3.240e-05, 9.310e+02, -3.017e-02, -2.387e-03, -1.259e-03, 1.753e-04, -2.587e-03
3.050e-02, -5.242e-06, -3.183e-05, 9.299e+02, -2.960e-02, -4.875e-03, -1.257e-03, 3.865e-04, -2.521e-03
3.100e-02, -7.821e-06, -3.128e-05, 9.288e+02, -2.905e-02, -7.265e-03, -1.256e-03, 5.864e-04, -2.457e-03
3.150e-02, -1.021e-05, -3.075e-05, 9.277e+02, -2.853e-02, -9.476e-03, -1.255e-03, 7.683e-04, -2.397e-03
3.200e-02, -1.234e-05, -3.027e-05, 9.266e+02, -2.805e-02, -1.144e-02, -1.253e-03, 9.263e-04, -2.340e-03
3.250e-02, -1.413e-05, -2.982e-05, 9.255e+02, -2.760e-02, -1.308e-02, -1.252e-03, 1.055e-03, -2.286e-03
3.300e-02, -1.497e-05, -2.957e-05, 9.249e+02, -2.735e-02, -1.385e-02, -1.251e-03, 1.113e-03, -2.257e-03
3.350e-02, -1.607e-05, -2.917e-05, 9.237e+02, -2.694e-02, -1.484e-02, -1.249e-03, 1.183e-03, -2.209e-03
3.400e-02, -1.665e-05, -2.878e-05, 9.226e+02, -2.655e-02, -1.536e-02, -1.247e-03, 1.211e-03, -2.162e-03
3.450e-02, -1.664e-05, -2.841e-05, 9.214e+02, -2.618e-02, -1.533e-02, -1.246e-03, 1.193e-03, -2.118e-03
3.500e-02, -1.612e-05, -2.808e-05, 9.204e+02, -2.584e-02, -1.484e-02, -1.245e-03, 1.136e-03, -2.079e-03
3.550e-02, -1.510e-05, -2.773e-05, 9.193e+02, -2.549e-02, -1.388e-02, -1.243e-03, 1.041e-03, -2.040e-03
3.600e-02, -1.359e-05, -2.735e-05, 9.183e+02, -2.512e-02, -1.248e-02, -1.242e-03, 9.076e-04, -1.998e-03
3.650e-02, -1.183e-05, -2.698e-05, 9.173e+02, -2.475e-02, -1.086e-02, -1.240e-03, 7.590e-04, -1.960e-03
3.700e-02, -9.764e-06, -2.657e-05, 9.164e+02, -2.435e-02, -8.948e-03, -1.239e-03, 5.877e-04, -1.919e-03
3.750e-02, -7.271e-06, -2.609e-05, 9.155e+02, -2.389e-02, -6.657e-03, -1.238e-03, 3.852e-04, -1.873e-03
3.800e-02, -2.954e-06, -2.525e-05, 9.140e+02, -2.308e-02, -2.700e-03, -1.236e-03, 4.117e-05, -1.796e-03
3.850e-02, 2.843e-07, -2.458e-05, 9.130e+02, -2.244e-02, 2.596e-04, -1.235e-03, -2.125e-04, -1.736e-03
3.900e-02, 3.772e-06, -2.381e-05, 9.120e+02, -2.172e-02, 3.440e-03, -1.233e-03, -4.822e-04, -1.670e-03
3.950e-02, 7.453e-06, -2.293e-05, 9.110e+02, -2.089e-02, 6.790e-03, -1.232e-03, -7.634e-04, -1.596e-03
4.000e-02, 1.126e-05, -2.194e-05, 9.100e+02, -1.996e-02, 1.024e-02, -1.230e-03, -1.050e-03, -1.513e-03
4.050e-02, 1.511e-05, -2.082e-05, 9.090e+02, -1.892e-02, 1.374e-02, -1.229e-03, -1.337e-03, -1.422e-03
4.100e-02, 1.895e-05, -1.958e-05, 9.080e+02, -1.778e-02, 1.720e-02, -1.228e-03, -1.619e-03, -1.322e-03
4.150e-02, 2.269e-05, -1.821e-05, 9.070e+02, -1.651e-02, 2.058e-02, -1.226e-03, -1.890e-03, -1.213e-03
4.200e-02, 2.627e-05, -1.671e-05, 9.059e+02, -1.514e-02, 2.380e-02, -1.225e-03, -2.146e-03, -1.094e-03
4.250e-02, 2.963e-05, -1.508e-05, 9.049e+02, -1.365e-02, 2.681e-02, -1.223e-03, -2.380e-03, -9.669e-04
4.300e-02, 3.141e-05, -1.410e-05, 9.043e+02, -1.275e-02, 2.840e-02, -1.223e-03, -2.502e-03, -8.907e-04
4.350e-02, 3.425e-05, -1.230e-05, 9.032e+02, -1.111e-02, 3.094e-02, -1.221e-03, -2.693e-03, -7.511e-04
4.400e-02, 3.672e-05, -1.037e-05, 9.021e+02, -9.352e-03, 3.313e-02, -1.220e-03, -2.853e-03, -6.028e-04
4.450e-02, 3.877e-05, -8.301e-06, 9.010e+02, -7.479e-03, 3.493e-02, -1.218e-03, -2.977e-03, -4.451e-04
4.500e-02, 4.034e-05, -6.062e-06, 8.999e+02, -5.456e-03, 3.631e-02, -1.217e-03, -3.064e-03, -2.754e-04
4.550e-02, 4.124e-05, -4.044e-06, 8.989e+02, -3.635e-03, 3.707e-02, -1.215e-03, -3.103e-03, -1.232e-04
4.600e-02, 4.166e-05, -2.011e-06, 8.979e+02, -1.806e-03, 3.740e-02, -1.214e-03, -3.105e-03, 2.917e-05
4.650e-02, 4.161e-05, 5.815e-08, 8.969e+02, 5.215e-05, 3.732e-02, -1.213e-03, -3.074e-03, 1.835e-04
4.700e-02, 4.111e-05, 2.154e-06, 8.959e+02, 1.930e-03, 3.683e-02, -1.211e-03, -3.008e-03, 3.389e-04
4.750e-02, 4.023e-05, 4.105e-06, 8.950e+02, 3.674e-03, 3.601e-02, -1.210e-03, -2.917e-03, 4.829e-04
4.800e-02, 3.907e-05, 5.925e-06, 8.941e+02, 5.297e-03, 3.494e-02, -1.209e-03, -2.808e-03, 6.165e-04
4.850e-02, 3.755e-05, 7.801e-06, 8.932e+02, 6.968e-03, 3.354e-02, -1.208e-03, -2.672e-03, 7.535e-04
4.900e-02, 3.567e-05, 9.692e-06, 8.923e+02, 8.648e-03, 3.183e-02, -1.206e-03, -2.512e-03, 8.908e-04
4.950e-02, 3.348e-05, 1.157e-05, 8.913e+02, 1.031e-02, 2.984e-02, -1.205e-03, -2.330e-03, 1.026e-03
5.000e-02, 3.101e-05, 1.342e-05, 8.904e+02, 1.195e-02, 2.761e-02, -1.204e-03, -2.130e-03, 1.159e-03
5.050e-02, 2.832e-05, 1.524e-05, 8.894e+02, 1.355e-02, 2.519e-02, -1.202e-03, -1.915e-03, 1.288e-03
5.100e-02, 2.544e-05, 1.700e-05, 8.885e+02, 1.510e-02, 2.260e-02, -1.201e-03, -1.690e-03, 1.413e-03
5.150e-02, 2.243e-05, 1.871e-05, 8.875e+02, 1.660e-02, 1.990e-02, -1.200e-03, -1.457e-03, 1.532e-03
5.200e-02, 1.933e-05, 2.036e-05, 8.865e+02, 1.805e-02, 1.714e-02, -1.198e-03, -1.222e-03, 1.647e-03
5.250e-02, 1.621e-05, 2.195e-05, 8.855e+02, 1.944e-02, 1.435e-02, -1.197e-03, -9.868e-04, 1.755e-03
5.300e-02, 1.310e-05, 2.348e-05, 8.846e+02, 2.077e-02, 1.159e-02, -1.196e-03, -7.558e-04, 1.859e-03
5.350e-02, 1.005e-05, 2.494e-05, 8.836e+02, 2.204e-02, 8.884e-03, -1.194e-03, -5.324e-04, 1.957e-03
5.400e-02, 7.120e-06, 2.635e-05, 8.826e+02, 2.326e-02, 6.284e-03, -1.193e-03, -3.196e-04, 2.050e-03
5.450e-02, 4.334e-06, 2.771e-05, 8.816e+02, 2.443e-02, 3.821e-03, -1.192e-03, -1.200e-04, 2.138e-03
5.500e-02, 1.731e-06, 2.901e-05, 8.806e+02, 2.555e-02, 1.524e-03, -1.190e-03, 6.389e-05, 2.221e-03
5.550e-02, -6.626e-07, 3.028e-05, 8.796e+02, 2.663e-02, -5.828e-04, -1.189e-03, 2.304e-04, 2.300e-03
5.600e-02, -2.830e-06, 3.153e-05, 8.785e+02, 2.770e-02, -2.486e-03, -1.188e-03, 3.786e-04, 2.376e-03
5.650e-02, -4.532e-06, 3.262e-05, 8.775e+02, 2.863e-02, -3.977e-03, -1.186e-03, 4.925e-04, 2.442e-03
5.700e-02, -5.880e-06, 3.362e-05, 8.766e+02, 2.948e-02, -5.154e-03, -1.185e-03, 5.803e-04, 2.500e-03
5.750e-02, -6.956e-06, 3.458e-05, 8.757e+02, 3.028e-02, -6.091e-03, -1.184e-03, 6.481e-04, 2.555e-03
5.800e-02, -7.765e-06, 3.550e-05, 8.747e+02, 3.106e-02, -6.792e-03, -1.182e-03, 6.964e-04, 2.605e-03
5.850e-02, -8.317e-06, 3.638e-05, 8.738e+02, 3.179e-02, -7.268e-03, -1.181e-03, 7.262e-04, 2.653e-03
5.900e-02, -8.627e-06, 3.723e-05, 8.729e+02, 3.249e-02, -7.530e-03, -1.180e-03, 7.388e-04, 2.697e-03
5.950e-02, -8.713e-06, 3.799e-05, 8.720e+02, 3.313e-02, -7.598e-03, -1.179e-03, 7.363e-04, 2.736e-03
6.000e-02, -8.619e-06, 3.872e-05, 8.711e+02, 3.373e-02, -7.508e-03, -1.178e-03, 7.215e-04, 2.771e-03
6.050e-02, -8.360e-06, 3.942e-05, 8.702e+02, 3.430e-02, -7.276e-03, -1.176e-03, 6.954e-04, 2.804e-03
6.100e-02, -7.955e-06, 4.009e-05, 8.693e+02, 3.485e-02, -6.916e-03, -1.175e-03, 6.595e-04, 2.833e-03
6.150e-02, -7.430e-06, 4.071e-05, 8.684e+02, 3.535e-02, -6.452e-03, -1.174e-03, 6.159e-04, 2.859e-03
6.200e-02, -6.815e-06, 4.129e-05, 8.675e+02, 3.582e-02, -5.912e-03, -1.173e-03, 5.668e-04, 2.881e-03
6.250e-02, -6.144e-06, 4.180e-05, 8.666e+02, 3.622e-02, -5.324e-03, -1.171e-03, 5.147e-04, 2.898e-03
6.300e-02, -5.450e-06, 4.224e-05, 8.656e+02, 3.657e-02, -4.718e-03, -1.170e-03, 4.620e-04, 2.910e-03
6.350e-02, -4.769e-06, 4.261e-05, 8.647e+02, 3.684e-02, -4.124e-03, -1.169e-03, 4.110e-04, 2.915e-03
6.400e-02, -4.134e-06, 4.288e-05, 8.638e+02, 3.704e-02, -3.571e-03, -1.168e-03, 3.643e-04, 2.914e-03
6.450e-02, -3.581e-06, 4.304e-05, 8.628e+02, 3.714e-02, -3.090e-03, -1.166e-03, 3.241e-04, 2.906e-03
6.500e-02, -3.141e-06, 4.308e-05, 8.619e+02, 3.713e-02, -2.707e-03, -1.165e-03, 2.924e-04, 2.888e-03
6.550e-02, -2.846e-06, 4.299e-05, 8.609e+02, 3.701e-02, -2.450e-03, -1.164e-03, 2.715e-04, 2.862e-03
6.600e-02, -2.728e-06, 4.274e-05, 8.599e+02, 3.675e-02, -2.346e-03, -1.162e-03, 2.633e-04, 2.824e-03
6.650e-02, -2.819e-06, 4.230e-05, 8.589e+02, 3.634e-02, -2.421e-03, -1.161e-03, 2.698e-04, 2.774e-03
6.700e-02, -3.105e-06, 4.174e-05, 8.580e+02, 3.581e-02, -2.664e-03, -1.160e-03, 2.897e-04, 2.717e-03
6.750e-02, -3.592e-06, 4.101e-05, 8.571e+02, 3.515e-02, -3.079e-03, -1.158e-03, 3.234e-04, 2.649e-03
6.800e-02, -4.283e-06, 4.010e-05, 8.562e+02, 3.433e-02, -3.667e-03, -1.157e-03, 3.707e-04, 2.570e-03
6.850e-02, -5.175e-06, 3.901e-05, 8.552e+02, 3.336e-02, -4.426e-03, -1.156e-03, 4.313e-04, 2.479e-03
6.900e-02, -6.262e-06, 3.773e-05, 8.543e+02, 3.223e-02, -5.350e-03, -1.155e-03, 5.045e-04, 2.377e-03
6.950e-02, -7.531e-06, 3.626e-05, 8.534e+02, 3.094e-02, -6.427e-03, -1.153e-03, 5.894e-04, 2.263e-03
7.000e-02, -8.795e-06, 3.480e-05, 8.526e+02, 2.967e-02, -7.499e-03, -1.152e-03, 6.732e-04, 2.152e-03
7.050e-02, -1.020e-05, 3.316e-05, 8.518e+02, 2.824e-02, -8.691e-03, -1.151e-03, 7.659e-04, 2.030e-03
7.100e-02, -1.176e-05, 3.131e-05, 8.509e+02, 2.664e-02, -1.001e-02, -1.150e-03, 8.676e-04, 1.894e-03
7.150e-02, -1.344e-05, 2.927e-05, 8.501e+02, 2.488e-02, -1.143e-02, -1.149e-03, 9.765e-04, 1.746e-03
7.200e-02, -1.522e-05, 2.703e-05, 8.492e+02, 2.296e-02, -1.292e-02, -1.148e-03, 1.091e-03, 1.587e-03
7.250e-02, -1.706e-05, 2.462e-05, 8.484e+02, 2.089e-02, -1.447e-02, -1.147e-03, 1.208e-03, 1.417e-03
7.300e-02, -1.894e-05, 2.203e-05, 8.475e+02, 1.867e-02, -1.605e-02, -1.145e-03, 1.326e-03, 1.237e-03
7.350e-02, -2.082e-05, 1.928e-05, 8.466e+02, 1.632e-02, -1.763e-02, -1.144e-03, 1.443e-03, 1.048e-03
7.400e-02, -2.268e-05, 1.638e-05, 8.457e+02, 1.385e-02, -1.918e-02, -1.143e-03, 1.557e-03, 8.500e-04
7.450e-02, -2.449e-05, 1.334e-05, 8.448e+02, 1.127e-02, -2.069e-02, -1.142e-03, 1.667e-03, 6.445e-04
7.500e-02, -2.621e-05, 1.017e-05, 8.439e+02, 8.579e-03, -2.212e-02, -1.141e-03, 1.769e-03, 4.324e-04
7.550e-02, -2.781e-05, 6.882e-06, 8.430e+02, 5.802e-03, -2.344e-02, -1.139e-03, 1.862e-03, 2.145e-04
7.600e-02, -2.926e-05, 3.526e-06, 8.421e+02, 2.969e-03, -2.464e-02, -1.138e-03, 1.944e-03, -6.326e-06
7.650e-02, -3.054e-05, 8.186e-08, 8.412e+02, 6.886e-05, -2.569e-02, -1.137e-03, 2.013e-03, -2.310e-04
7.700e-02, -3.158e-05, -3.282e-06, 8.403e+02, -2.758e-03, -2.653e-02, -1.136e-03, 2.067e-03, -4.488e-04
7.750e-02, -3.239e-05, -6.587e-06, 8.394e+02, -5.529e-03, -2.719e-02, -1.134e-03, 2.105e-03, -6.610e-04
7.800e-02, -3.298e-05, -9.896e-06, 8.385e+02, -8.298e-03, -2.766e-02, -1.133e-03, 2.128e-03, -8.719e-04
7.850e-02, -3.335e-05, -1.319e-05, 8.377e+02, -1.105e-02, -2.794e-02, -1.132e-03, 2.137e-03, -1.080e-03
7.900e-02, -3.348e-05, -1.644e-05, 8.368e+02, -1.376e-02, -2.801e-02, -1.131e-03, 2.129e-03, -1.284e-03
7.950e-02, -3.336e-05, -1.964e-05, 8.359e+02, -1.642e-02, -2.789e-02, -1.130e-03, 2.105e-03, -1.483e-03
8.000e-02, -3.299e-05, -2.277e-05, 8.350e+02, -1.901e-02, -2.755e-02, -1.128e-03, 2.066e-03, -1.676e-03
8.050e-02, -3.237e-05, -2.581e-05, 8.341e+02, -2.153e-02, -2.700e-02, -1.127e-03, 2.010e-03, -1.861e-03
8.100e-02, -3.151e-05, -2.874e-05, 8.332e+02, -2.394e-02, -2.625e-02, -1.126e-03, 1.939e-03, -2.038e-03
8.150e-02, -3.041e-05, -3.151e-05, 8.323e+02, -2.622e-02, -2.531e-02, -1.125e-03, 1.854e-03, -2.203e-03
8.200e-02, -2.920e-05, -3.394e-05, 8.315e+02, -2.822e-02, -2.428e-02, -1.124e-03, 1.764e-03, -2.347e-03
8.250e-02, -2.787e-05, -3.615e-05, 8.307e+02, -3.003e-02, -2.315e-02, -1.123e-03, 1.667e-03, -2.475e-03
8.300e-02, -2.636e-05, -3.826e-05, 8.299e+02, -3.175e-02, -2.188e-02, -1.121e-03, 1.559e-03, -2.596e-03
8.350e-02, -2.469e-05, -4.024e-05, 8.291e+02, -3.336e-02, -2.047e-02, -1.120e-03, 1.442e-03, -2.708e-03
8.400e-02, -2.288e-05, -4.207e-05, 8.282e+02, -3.484e-02, -1.895e-02, -1.119e-03, 1.317e-03, -2.810e-03
8.450e-02, -2.095e-05, -4.374e-05, 8.274e+02, -3.619e-02, -1.734e-02, -1.118e-03, 1.185e-03, -2.901e-03
8.500e-02, -1.892e-05, -4.525e-05, 8.266e+02, -3.740e-02, -1.564e-02, -1.117e-03, 1.049e-03, -2.980e-03
8.550e-02, -1.681e-05, -4.658e-05, 8.257e+02, -3.846e-02, -1.388e-02, -1.116e-03, 9.082e-04, -3.048e-03
8.600e-02, -1.464e-05, -4.774e-05, 8.249e+02, -3.938e-02, -1.207e-02, -1.115e-03, 7.655e-04, -3.103e-03
8.650e-02, -1.243e-05, -4.872e-05, 8.240e+02, -4.014e-02, -1.025e-02, -1.113e-03, 6.221e-04, -3.148e-03
8.700e-02, -1.021e-05, -4.952e-05, 8.231e+02, -4.076e-02, -8.408e-03, -1.112e-03, 4.790e-04, -3.180e-03
8.750e-02, -8.000e-06, -5.014e-05, 8.223e+02, -4.123e-02, -6.578e-03, -1.111e-03, 3.377e-04, -3.201e-03
8.800e-02, -5.875e-06, -5.058e-05, 8.214e+02, -4.155e-02, -4.826e-03, -1.110e-03, 2.034e-04, -3.211e-03
8.850e-02, -3.842e-06, -5.085e-05, 8.206e+02, -4.173e-02, -3.153e-03, -1.109e-03, 7.614e-05, -3.211e-03
8.900e-02, -1.878e-06, -5.098e-05, 8.198e+02, -4.179e-02, -1.540e-03, -1.108e-03, -4.566e-05, -3.202e-03
8.950e-02, 4.768e-09, -5.097e-05, 8.189e+02, -4.174e-02, 3.904e-06, -1.107e-03, -1.613e-04, -3.184e-03
9.000e-02, 1.797e-06, -5.082e-05, 8.181e+02, -4.158e-02, 1.470e-03, -1.105e-03, -2.702e-04, -3.157e-03
9.050e-02, 3.490e-06, -5.055e-05, 8.173e+02, -4.131e-02, 2.853e-03, -1.104e-03, -3.721e-04, -3.124e-03
9.100e-02, 5.119e-06, -5.016e-05, 8.164e+02, -4.095e-02, 4.179e-03, -1.103e-03, -4.690e-04, -3.082e-03
9.150e-02, 6.634e-06, -4.965e-05, 8.156e+02, -4.050e-02, 5.411e-03, -1.102e-03, -5.580e-04, -3.034e-03
9.200e-02, 8.035e-06, -4.905e-05, 8.147e+02, -3.996e-02, 6.547e-03, -1.101e-03, -6.392e-04, -2.980e-03
9.250e-02, 9.323e-06, -4.835e-05, 8.139e+02, -3.935e-02, 7.588e-03, -1.100e-03, -7.128e-04, -2.921e-03
9.300e-02, 1.050e-05, -4.757e-05, 8.131e+02, -3.868e-02, 8.537e-03, -1.099e-03, -7.791e-04, -2.857e-03
9.350e-02, 1.157e-05, -4.671e-05, 8.122e+02, -3.794e-02, 9.399e-03, -1.097e-03, -8.384e-04, -2.788e-03
9.400e-02, 1.255e-05, -4.579e-05, 8.114e+02, -3.715e-02, 1.018e-02, -1.096e-03, -8.913e-04, -2.716e-03
9.450e-02, 1.343e-05, -4.479e-05, 8.105e+02, -3.631e-02, 1.088e-02, -1.095e-03, -9.383e-04, -2.641e-03
9.500e-02, 1.423e-05, -4.375e-05, 8.097e+02, -3.542e-02, 1.152e-02, -1.094e-03, -9.801e-04, -2.562e-03
9.550e-02, 1.496e-05, -4.264e-05, 8.089e+02, -3.449e-02, 1.210e-02, -1.093e-03, -1.017e-03, -2.481e-03
9.600e-02, 1.564e-05, -4.149e-05, 8.080e+02, -3.352e-02, 1.263e-02, -1.092e-03, -1.051e-03, -2.397e-03
9.650e-02, 1.626e-05, -4.028e-05, 8.072e+02, -3.251e-02, 1.313e-02, -1.091e-03, -1.081e-03, -2.311e-03
9.700e-02, 1.685e-05, -3.903e-05, 8.063e+02, -3.147e-02, 1.359e-02, -1.089e-03, -1.109e-03, -2.222e-03
9.750e-02, 1.741e-05, -3.772e-05, 8.055e+02, -3.039e-02, 1.402e-02, -1.088e-03, -1.136e-03, -2.131e-03
9.800e-02, 1.796e-05, -3.637e-05, 8.047e+02, -2.927e-02, 1.445e-02, -1.087e-03, -1.161e-03, -2.038e-03
9.850e-02, 1.850e-05, -3.497e-05, 8.039e+02, -2.811e-02, 1.487e-02, -1.086e-03, -1.186e-03, -1.942e-03
9.900e-02, 1.905e-05, -3.351e-05, 8.030e+02, -2.691e-02, 1.530e-02, -1.085e-03, -1.211e-03, -1.844e-03
9.950e-02, 1.961e-05, -3.200e-05, 8.022e+02, -2.567e-02, 1.573e-02, -1.084e-03, -1.237e-03, -1.743e-03
1.000e-01, 2.018e-05, -3.042e-05, 8.014e+02, -2.438e-02, 1.617e-02, -1.083e-03, -1.263e-03, -1.639e-03
1.005e-01, 2.078e-05, -2.879e-05, 8.005e+02, -2.304e-02, 1.664e-02, -1.082e-03, -1.291e-03, -1.532e-03
1.010e-01, 2.140e-05, -2.708e-05, 7.997e+02, -2.166e-02, 1.712e-02, -1.080e-03, -1.320e-03, -1.422e-03
1.015e-01, 2.206e-05, -2.530e-05, 7.989e+02, -2.021e-02, 1.762e-02, -1.079e-03, -1.351e-03, -1.309e-03
1.020e-01, 2.274e-05, -2.345e-05, 7.981e+02, -1.871e-02, 1.814e-02, -1.078e-03, -1.382e-03, -1.191e-03
1.025e-01, 2.344e-05, -2.151e-05, 7.972e+02, -1.715e-02, 1.869e-02, -1.077e-03, -1.415e-03, -1.070e-03
1.030e-01, 2.416e-05, -1.949e-05, 7.964e+02, -1.552e-02, 1.925e-02, -1.076e-03, -1.449e-03, -9.454e-04
1.035e-01, 2.491e-05, -1.738e-05, 7.956e+02, -1.383e-02, 1.981e-02, -1.075e-03, -1.484e-03, -8.161e-04
1.040e-01, 2.565e-05, -1.519e-05, 7.948e+02, -1.207e-02, 2.039e-02, -1.074e-03, -1.518e-03, -6.826e-04
1.045e-01, 2.640e-05, -1.290e-05, 7.940e+02, -1.024e-02, 2.096e-02, -1.073e-03, -1.553e-03, -5.448e-04
1.050e-01, 2.714e-05, -1.052e-05, 7.931e+02, -8.344e-03, 2.153e-02, -1.072e-03, -1.586e-03, -4.026e-04
1.055e-01, 2.794e-05, -7.777e-06, 7.922e+02, -6.162e-03, 2.213e-02, -1.070e-03, -1.621e-03, -2.402e-04
1.060e-01, 2.848e-05, -5.736e-06, 7.916e+02, -4.541e-03, 2.254e-02, -1.069e-03, -1.644e-03, -1.203e-04
1.065e-01, 2.909e-05, -3.247e-06, 7.908e+02, -2.567e-03, 2.300e-02, -1.068e-03, -1.670e-03, 2.498e-05
1.070e-01, 2.965e-05, -6.531e-07, 7.900e+02, -5.160e-04, 2.343e-02, -1.067e-03, -1.692e-03, 1.752e-04
1.075e-01, 3.016e-05, 2.040e-06, 7.892e+02, 1.610e-03, 2.380e-02, -1.066e-03, -1.711e-03, 3.300e-04
1.080e-01, 3.059e-05, 4.827e-06, 7.884e+02, 3.806e-03, 2.412e-02, -1.065e-03, -1.725e-03, 4.892e-04
1.085e-01, 3.093e-05, 7.652e-06, 7.877e+02, 6.027e-03, 2.437e-02, -1.064e-03, -1.734e-03, 6.493e-04
1.090e-01, 3.117e-05, 1.050e-05, 7.869e+02, 8.260e-03, 2.453e-02, -1.063e-03, -1.737e-03, 8.094e-04
1.095e-01, 3.131e-05, 1.339e-05, 7.861e+02, 1.052e-02, 2.461e-02, -1.062e-03, -1.733e-03, 9.710e-04
1.100e-01, 3.132e-05, 1.631e-05, 7.853e+02, 1.281e-02, 2.460e-02, -1.061e-03, -1.723e-03, 1.133e-03
1.105e-01, 3.122e-05, 1.927e-05, 7.846e+02, 1.512e-02, 2.449e-02, -1.060e-03, -1.706e-03, 1.296e-03
1.110e-01, 3.098e-05, 2.224e-05, 7.838e+02, 1.743e-02, 2.428e-02, -1.059e-03, -1.682e-03, 1.459e-03
1.115e-01, 3.060e-05, 2.522e-05, 7.830e+02, 1.974e-02, 2.396e-02, -1.058e-03, -1.650e-03, 1.621e-03
1.120e-01, 3.008e-05, 2.818e-05, 7.823e+02, 2.205e-02, 2.353e-02, -1.057e-03, -1.610e-03, 1.781e-03
1.125e-01, 2.942e-05, 3.113e-05, 7.815e+02, 2.433e-02, 2.299e-02, -1.056e-03, -1.562e-03, 1.938e-03
1.130e-01, 2.860e-05, 3.405e-05, 7.807e+02, 2.658e-02, 2.233e-02, -1.055e-03, -1.506e-03, 2.093e-03
1.135e-01, 2.764e-05, 3.692e-05, 7.800e+02, 2.879e-02, 2.156e-02, -1.054e-03, -1.442e-03, 2.244e-03
1.140e-01, 2.653e-05, 3.973e-05, 7.792e+02, 3.095e-02, 2.067e-02, -1.053e-03, -1.371e-03, 2.391e-03
1.145e-01, 2.527e-05, 4.246e-05, 7.784e+02, 3.305e-02, 1.967e-02, -1.052e-03, -1.292e-03, 2.532e-03
1.150e-01, 2.388e-05, 4.511e-05, 7.777e+02, 3.508e-02, 1.857e-02, -1.050e-03, -1.206e-03, 2.667e-03
1.155e-01, 2.235e-05, 4.766e-05, 7.769e+02, 3.703e-02, 1.737e-02, -1.049e-03, -1.113e-03, 2.796e-03
1.160e-01, 2.070e-05, 5.010e-05, 7.761e+02, 3.889e-02, 1.606e-02, -1.048e-03, -1.014e-03, 2.918e-03
1.165e-01, 1.892e-05, 5.241e-05, 7.754e+02, 4.064e-02, 1.467e-02, -1.047e-03, -9.090e-04, 3.031e-03
1.170e-01, 1.704e-05, 5.459e-05, 7.746e+02, 4.228e-02, 1.320e-02, -1.046e-03, -7.990e-04, 3.136e-03
1.175e-01, 1.506e-05, 5.661e-05, 7.739e+02, 4.381e-02, 1.165e-02, -1.045e-03, -6.845e-04, 3.232e-03
1.180e-01, 1.299e-05, 5.848e-05, 7.731e+02, 4.521e-02, 1.004e-02, -1.044e-03, -5.663e-04, 3.319e-03
1.185e-01, 1.085e-05, 6.017e-05, 7.723e+02, 4.647e-02, 8.380e-03, -1.043e-03, -4.451e-04, 3.395e-03
1.190e-01, 8.648e-06, 6.169e-05, 7.716e+02, 4.760e-02, 6.673e-03, -1.042e-03, -3.216e-04, 3.460e-03
1.195e-01, 6.400e-06, 6.301e-05, 7.708e+02, 4.857e-02, 4.933e-03, -1.041e-03, -1.966e-04, 3.515e-03
1.200e-01, 4.119e-06, 6.415e-05, 7.701e+02, 4.940e-02, 3.172e-03, -1.040e-03, -7.093e-05, 3.559e-03
1.205e-01, 1.820e-06, 6.508e-05, 7.693e+02, 5.007e-02, 1.400e-03, -1.039e-03, 5.468e-05, 3.591e-03
1.210e-01, -5.407e-07, 6.582e-05, 7.685e+02, 5.058e-02, -4.155e-04, -1.038e-03, 1.825e-04, 3.612e-03
1.215e-01, -2.894e-06, 6.634e-05, 7.678e+02, 5.093e-02, -2.222e-03, -1.037e-03, 3.088e-04, 3.621e-03
1.220e-01, -5.224e-06, 6.664e-05, 7.670e+02, 5.111e-02, -4.007e-03, -1.036e-03, 4.327e-04, 3.617e-03
1.225e-01, -7.514e-06, 6.671e-05, 7.662e+02, 5.111e-02, -5.758e-03, -1.035e-03, 5.534e-04, 3.601e-03
1.230e-01, -9.753e-06, 6.655e-05, 7.655e+02, 5.094e-02, -7.466e-03, -1.034e-03, 6.702e-04, 3.573e-03
1.235e-01, -1.193e-05, 6.616e-05, 7.647e+02, 5.059e-02, -9.121e-03, -1.033e-03, 7.826e-04, 3.532e-03
1.240e-01, -1.403e-05, 6.555e-05, 7.639e+02, 5.008e-02, -1.072e-02, -1.032e-03, 8.900e-04, 3.480e-03
1.245e-01, -1.604e-05, 6.472e-05, 7.632e+02, 4.939e-02, -1.224e-02, -1.031e-03, 9.919e-04, 3.416e-03
1.250e-01, -1.796e-05, 6.367e-05, 7.624e+02, 4.854e-02, -1.369e-02, -1.030e-03, 1.088e-03, 3.340e-03
1.255e-01, -1.978e-05, 6.240e-05, 7.617e+02, 4.753e-02, -1.506e-02, -1.029e-03, 1.177e-03, 3.253e-03
1.260e-01, -2.148e-05, 6.092e-05, 7.609e+02, 4.635e-02, -1.635e-02, -1.028e-03, 1.261e-03, 3.155e-03
1.265e-01, -2.308e-05, 5.924e-05, 7.601e+02, 4.503e-02, -1.754e-02, -1.027e-03, 1.337e-03, 3.048e-03
1.270e-01, -2.455e-05, 5.737e-05, 7.594e+02, 4.356e-02, -1.864e-02, -1.026e-03, 1.407e-03, 2.930e-03
1.275e-01, -2.591e-05, 5.530e-05, 7.586e+02, 4.195e-02, -1.965e-02, -1.025e-03, 1.469e-03, 2.804e-03
1.280e-01, -2.714e-05, 5.306e-05, 7.579e+02, 4.021e-02, -2.057e-02, -1.024e-03, 1.525e-03, 2.668e-03
1.285e-01, -2.825e-05, 5.064e-05, 7.571e+02, 3.834e-02, -2.139e-02, -1.023e-03, 1.574e-03, 2.525e-03
1.290e-01, -2.924e-05, 4.807e-05, 7.563e+02, 3.635e-02, -2.212e-02, -1.022e-03, 1.616e-03, 2.374e-03
1.295e-01, -3.011e-05, 4.534e-05, 7.556e+02, 3.426e-02, -2.275e-02, -1.021e-03, 1.652e-03, 2.216e-03
1.300e-01, -3.087e-05, 4.247e-05, 7.548e+02, 3.206e-02, -2.330e-02, -1.019e-03, 1.681e-03, 2.051e-03
1.305e-01, -3.151e-05, 3.947e-05, 7.541e+02, 2.976e-02, -2.376e-02, -1.018e-03, 1.704e-03, 1.881e-03
1.310e-01, -3.205e-05, 3.634e-05, 7.533e+02, 2.738e-02, -2.414e-02, -1.017e-03, 1.722e-03, 1.706e-03
1.315e-01, -3.248e-05, 3.311e-05, 7.526e+02, 2.492e-02, -2.444e-02, -1.016e-03, 1.734e-03, 1.526e-03
1.320e-01, -3.282e-05, 2.978e-05, 7.518e+02, 2.239e-02, -2.467e-02, -1.015e-03, 1.741e-03, 1.342e-03
1.325e-01, -3.306e-05, 2.636e-05, 7.511e+02, 1.980e-02, -2.483e-02, -1.014e-03, 1.744e-03, 1.156e-03
1.330e-01, -3.323e-05, 2.286e-05, 7.503e+02, 1.715e-02, -2.493e-02, -1.013e-03, 1.742e-03, 9.659e-04
1.335e-01, -3.331e-05, 1.929e-05, 7.496e+02, 1.446e-02, -2.497e-02, -1.012e-03, 1.736e-03, 7.741e-04
1.340e-01, -3.332e-05, 1.566e-05, 7.488e+02, 1.173e-02, -2.495e-02, -1.011e-03, 1.727e-03, 5.809e-04
1.345e-01, -3.327e-05, 1.199e-05, 7.481e+02, 8.970e-03, -2.489e-02, -1.010e-03, 1.714e-03, 3.866e-04
1.350e-01, -3.314e-05, 8.047e-06, 7.473e+02, 6.013e-03, -2.477e-02, -1.009e-03, 1.698e-03, 1.797e-04
1.355e-01, -3.296e-05, 4.153e-06, 7.465e+02, 3.100e-03, -2.460e-02, -1.008e-03, 1.678e-03, -2.300e-05
1.360e-01, -3.274e-05, 5.483e-07, 7.458e+02, 4.089e-04, -2.442e-02, -1.007e-03, 1.658e-03, -2.091e-04
1.365e-01, -3.252e-05, -2.580e-06, 7.452e+02, -1.923e-03, -2.423e-02, -1.006e-03, 1.639e-03, -3.695e-04
1.370e-01, -3.223e-05, -6.149e-06, 7.445e+02, -4.578e-03, -2.399e-02, -1.005e-03, 1.616e-03, -5.512e-04
1.375e-01, -3.190e-05, -9.708e-06, 7.438e+02, -7.220e-03, -2.372e-02, -1.004e-03, 1.591e-03, -7.311e-04
1.380e-01, -3.153e-05, -1.325e-05, 7.431e+02, -9.845e-03, -2.343e-02, -1.003e-03, 1.564e-03, -9.088e-04
1.385e-01, -3.114e-05, -1.676e-05, 7.424e+02, -1.245e-02, -2.311e-02, -1.003e-03, 1.536e-03, -1.084e-03
1.390e-01, -3.070e-05, -2.025e-05, 7.416e+02, -1.502e-02, -2.277e-02, -1.002e-03, 1.506e-03, -1.256e-03
1.395e-01, -3.024e-05, -2.369e-05, 7.409e+02, -1.755e-02, -2.240e-02, -1.001e-03, 1.475e-03, -1.424e-03
1.400e-01, -2.973e-05, -2.708e-05, 7.402e+02, -2.004e-02, -2.201e-02, -9.997e-04, 1.442e-03, -1.589e-03
1.405e-01, -2.920e-05, -3.041e-05, 7.395e+02, -2.249e-02, -2.159e-02, -9.987e-04, 1.408e-03, -1.750e-03
1.410e-01, -2.862e-05, -3.368e-05, 7.388e+02, -2.488e-02, -2.115e-02, -9.978e-04, 1.372e-03, -1.906e-03
1.415e-01, -2.801e-05, -3.687e-05, 7.381e+02, -2.722e-02, -2.067e-02, -9.968e-04, 1.334e-03, -2.057e-03
1.420e-01, -2.735e-05, -3.999e-05, 7.374e+02, -2.949e-02, -2.017e-02, -9.958e-04, 1.294e-03, -2.203e-03
1.425e-01, -2.664e-05, -4.302e-05, 7.367e+02, -3.170e-02, -1.963e-02, -9.949e-04, 1.252e-03, -2.344e-03
1.430e-01, -2.589e-05, -4.596e-05, 7.360e+02, -3.383e-02, -1.906e-02, -9.940e-04, 1.208e-03, -2.479e-03
1.435e-01, -2.508e-05, -4.880e-05, 7.353e+02, -3.588e-02, -1.845e-02, -9.930e-04, 1.161e-03, -2.608e-03
1.440e-01, -2.422e-05, -5.152e-05, 7.346e+02, -3.785e-02, -1.779e-02, -9.921e-04, 1.112e-03, -2.731e-03
1.445e-01, -2.330e-05, -5.414e-05, 7.339e+02, -3.973e-02, -1.710e-02, -9.911e-04, 1.060e-03, -2.847e-03
1.450e-01, -2.231e-05, -5.663e-05, 7.333e+02, -4.152e-02, -1.636e-02, -9.902e-04, 1.006e-03, -2.956e-03
1.455e-01, -2.126e-05, -5.899e-05, 7.326e+02, -4.322e-02, -1.557e-02, -9.892e-04, 9.478e-04, -3.058e-03
1.460e-01, -2.013e-05, -6.122e-05, 7.319e+02, -4.481e-02, -1.473e-02, -9.883e-04, 8.870e-04, -3.152e-03
1.465e-01, -1.893e-05, -6.331e-05, 7.312e+02, -4.629e-02, -1.384e-02, -9.873e-04, 8.229e-04, -3.239e-03
1.470e-01, -1.766e-05, -6.525e-05, 7.305e+02, -4.767e-02, -1.290e-02, -9.864e-04, 7.555e-04, -3.318e-03
1.475e-01, -1.631e-05, -6.704e-05, 7.298e+02, -4.892e-02, -1.190e-02, -9.855e-04, 6.848e-04, -3.389e-03
1.480e-01, -1.488e-05, -6.867e-05, 7.291e+02, -5.007e-02, -1.085e-02, -9.845e-04, 6.106e-04, -3.451e-03
1.485e-01, -1.338e-05, -7.013e-05, 7.284e+02, -5.108e-02, -9.743e-03, -9.836e-04, 5.331e-04, -3.505e-03
1.490e-01, -1.179e-05, -7.142e-05, 7.277e+02, -5.198e-02, -8.579e-03, -9.827e-04, 4.522e-04, -3.550e-03
1.495e-01, -1.013e-05, -7.254e-05, 7.270e+02, -5.274e-02, -7.361e-03, -9.817e-04, 3.680e-04, -3.586e-03
1.500e-01, -8.384e-06, -7.348e-05, 7.263e+02, -5.337e-02, -6.090e-03, -9.808e-04, 2.808e-04, -3.614e-03
1.505e-01, -6.570e-06, -7.423e-05, 7.257e+02, -5.387e-02, -4.767e-03, -9.799e-04, 1.905e-04, -3.632e-03
1.510e-01, -4.640e-06, -7.481e-05, 7.250e+02, -5.423e-02, -3.364e-03, -9.789e-04, 9.526e-05, -3.640e-03
1.515e-01, -2.635e-06, -7.518e-05, 7.243e+02, -5.445e-02, -1.908e-03, -9.780e-04, -2.916e-06, -3.639e-03
1.520e-01, -5.648e-07, -7.535e-05, 7.236e+02, -5.452e-02, -4.087e-04, -9.770e-04, -1.035e-04, -3.628e-03
1.525e-01, 1.564e-06, -7.532e-05, 7.229e+02, -5.444e-02, 1.130e-03, -9.761e-04, -2.061e-04, -3.607e-03
1.530e-01, 3.744e-06, -7.507e-05, 7.222e+02, -5.421e-02, 2.703e-03, -9.751e-04, -3.104e-04, -3.576e-03
1.535e-01, 5.967e-06, -7.461e-05, 7.215e+02, -5.383e-02, 4.305e-03, -9.742e-04, -4.160e-04, -3.535e-03
1.540e-01, 8.226e-06, -7.393e-05, 7.208e+02, -5.329e-02, 5.929e-03, -9.732e-04, -5.225e-04, -3.484e-03
1.545e-01, 1.051e-05, -7.304e-05, 7.201e+02, -5.260e-02, 7.569e-03, -9.723e-04, -6.293e-04, -3.423e-03
1.550e-01, 1.281e-05, -7.194e-05, 7.194e+02, -5.176e-02, 9.217e-03, -9.713e-04, -7.361e-04, -3.352e-03
1.555e-01, 1.512e-05, -7.063e-05, 7.187e+02, -5.076e-02, 1.087e-02, -9.704e-04, -8.423e-04, -3.272e-03
1.560e-01, 1.742e-05, -6.911e-05, 7.180e+02, -4.962e-02, 1.251e-02, -9.695e-04, -9.474e-04, -3.182e-03
1.565e-01, 1.971e-05, -6.737e-05, 7.173e+02, -4.833e-02, 1.414e-02, -9.685e-04, -1.051e-03, -3.083e-03
1.570e-01, 2.197e-05, -6.544e-05, 7.166e+02, -4.689e-02, 1.574e-02, -9.676e-04, -1.152e-03, -2.974e-03
1.575e-01, 2.419e-05, -6.330e-05, 7.159e+02, -4.532e-02, 1.731e-02, -9.666e-04, -1.251e-03, -2.857e-03
1.580e-01, 2.635e-05, -6.096e-05, 7.152e+02, -4.360e-02, 1.885e-02, -9.657e-04, -1.346e-03, -2.732e-03
1.585e-01, 2.846e-05, -5.843e-05, 7.145e+02, -4.175e-02, 2.034e-02, -9.648e-04, -1.438e-03, -2.598e-03
1.590e-01, 3.050e-05, -5.572e-05, 7.139e+02, -3.978e-02, 2.177e-02, -9.638e-04, -1.525e-03, -2.456e-03
1.595e-01, 3.244e-05, -5.283e-05, 7.132e+02, -3.767e-02, 2.314e-02, -9.629e-04, -1.608e-03, -2.307e-03
1.600e-01, 3.430e-05, -4.976e-05, 7.125e+02, -3.545e-02, 2.444e-02, -9.620e-04, -1.686e-03, -2.151e-03
1.605e-01, 3.605e-05, -4.653e-05, 7.118e+02, -3.312e-02, 2.566e-02, -9.611e-04, -1.758e-03, -1.988e-03
1.610e-01, 3.768e-05, -4.314e-05, 7.111e+02, -3.068e-02, 2.680e-02, -9.601e-04, -1.824e-03, -1.819e-03
1.615e-01, 3.919e-05, -3.961e-05, 7.104e+02, -2.814e-02, 2.785e-02, -9.592e-04, -1.884e-03, -1.644e-03
1.620e-01, 4.057e-05, -3.594e-05, 7.098e+02, -2.551e-02, 2.880e-02, -9.583e-04, -1.937e-03, -1.464e-03
1.625e-01, 4.181e-05, -3.215e-05, 7.091e+02, -2.279e-02, 2.965e-02, -9.573e-04, -1.983e-03, -1.280e-03
1.630e-01, 4.290e-05, -2.823e-05, 7.084e+02, -2.000e-02, 3.039e-02, -9.564e-04, -2.022e-03, -1.091e-03
1.635e-01, 4.384e-05, -2.421e-05, 7.077e+02, -1.714e-02, 3.103e-02, -9.555e-04, -2.054e-03, -8.988e-04
1.640e-01, 4.462e-05, -2.010e-05, 7.070e+02, -1.421e-02, 3.155e-02, -9.546e-04, -2.078e-03, -7.033e-04
1.645e-01, 4.524e-05, -1.592e-05, 7.064e+02, -1.125e-02, 3.196e-02, -9.537e-04, -2.094e-03, -5.064e-04
1.650e-01, 4.574e-05, -1.114e-05, 7.056e+02, -7.863e-03, 3.227e-02, -9.526e-04, -2.103e-03, -2.828e-04
1.655e-01, 4.601e-05, -6.861e-06, 7.049e+02, -4.836e-03, 3.243e-02, -9.517e-04, -2.103e-03, -8.387e-05
1.660e-01, 4.611e-05, -2.663e-06, 7.043e+02, -1.875e-03, 3.247e-02, -9.508e-04, -2.096e-03, 1.098e-04
1.665e-01, 4.605e-05, 1.565e-06, 7.036e+02, 1.101e-03, 3.240e-02, -9.499e-04, -2.082e-03, 3.035e-04
1.670e-01, 4.588e-05, 5.139e-06, 7.031e+02, 3.613e-03, 3.226e-02, -9.492e-04, -2.064e-03, 4.662e-04
1.675e-01, 4.554e-05, 9.409e-06, 7.024e+02, 6.609e-03, 3.199e-02, -9.483e-04, -2.037e-03, 6.595e-04
1.680e-01, 4.506e-05, 1.361e-05, 7.018e+02, 9.549e-03, 3.162e-02, -9.474e-04, -2.004e-03, 8.482e-04
1.685e-01, 4.443e-05, 1.779e-05, 7.011e+02, 1.247e-02, 3.115e-02, -9.466e-04, -1.964e-03, 1.035e-03
1.690e-01, 4.365e-05, 2.195e-05, 7.005e+02, 1.537e-02, 3.058e-02, -9.457e-04, -1.919e-03, 1.219e-03
1.695e-01, 4.274e-05, 2.607e-05, 6.999e+02, 1.824e-02, 2.991e-02, -9.448e-04, -1.867e-03, 1.401e-03
1.700e-01, 4.170e-05, 3.014e-05, 6.992e+02, 2.107e-02, 2.916e-02, -9.440e-04, -1.810e-03, 1.579e-03
1.705e-01, 4.053e-05, 3.415e-05, 6.986e+02, 2.386e-02, 2.831e-02, -9.431e-04, -1.747e-03, 1.753e-03
1.710e-01, 3.923e-05, 3.809e-05, 6.979e+02, 2.658e-02, 2.738e-02, -9.422e-04, -1.680e-03, 1.922e-03
1.715e-01, 3.782e-05, 4.195e-05, 6.973e+02, 2.925e-02, 2.637e-02, -9.414e-04, -1.607e-03, 2.087e-03
1.720e-01, 3.630e-05, 4.571e-05, 6.967e+02, 3.185e-02, 2.529e-02, -9.405e-04, -1.531e-03, 2.247e-03
1.725e-01, 3.467e-05, 4.938e-05, 6.960e+02, 3.437e-02, 2.413e-02, -9.396e-04, -1.450e-03, 2.400e-03
1.730e-01, 3.295e-05, 5.293e-05, 6.954e+02, 3.681e-02, 2.291e-02, -9.388e-04, -1.366e-03, 2.548e-03
1.735e-01, 3.114e-05, 5.636e-05, 6.948e+02, 3.916e-02, 2.164e-02, -9.379e-04, -1.278e-03, 2.690e-03
1.740e-01, 2.925e-05, 5.967e-05, 6.941e+02, 4.142e-02, 2.030e-02, -9.371e-04, -1.188e-03, 2.824e-03
1.745e-01, 2.728e-05, 6.283e-05, 6.935e+02, 4.357e-02, 1.892e-02, -9.362e-04, -1.094e-03, 2.951e-03
1.750e-01, 2.525e-05, 6.585e-05, 6.929e+02, 4.562e-02, 1.749e-02, -9.353e-04, -9.989e-04, 3.071e-03
1.755e-01, 2.315e-05, 6.871e-05, 6.922e+02, 4.756e-02, 1.603e-02, -9.345e-04, -9.015e-04, 3.184e-03
1.760e-01, 2.101e-05, 7.140e-05, 6.916e+02, 4.938e-02, 1.453e-02, -9.336e-04, -8.025e-04, 3.288e-03
1.765e-01, 1.881e-05, 7.393e-05, 6.910e+02, 5.108e-02, 1.300e-02, -9.328e-04, -7.022e-04, 3.383e-03
1.770e-01, 1.658e-05, 7.628e-05, 6.903e+02, 5.266e-02, 1.145e-02, -9.319e-04, -6.010e-04, 3.471e-03
1.775e-01, 1.432e-05, 7.845e-05, 6.897e+02, 5.410e-02, 9.876e-03, -9.311e-04, -4.991e-04, 3.549e-03
1.780e-01, 1.203e-05, 8.042e-05, 6.891e+02, 5.542e-02, 8.290e-03, -9.302e-04, -3.968e-04, 3.619e-03
1.785e-01, 9.723e-06, 8.220e-05, 6.885e+02, 5.659e-02, 6.694e-03, -9.294e-04, -2.945e-04, 3.679e-03
1.790e-01, 7.403e-06, 8.378e-05, 6.878e+02, 5.763e-02, 5.092e-03, -9.285e-04, -1.924e-04, 3.730e-03
1.795e-01, 5.076e-06, 8.515e-05, 6.872e+02, 5.852e-02, 3.488e-03, -9.277e-04, -9.065e-05, 3.772e-03
1.800e-01, 2.748e-06, 8.631e-05, 6.866e+02, 5.926e-02, 1.886e-03, -9.268e-04, 1.040e-05, 3.804e-03
1.805e-01, 4.232e-07, 8.726e-05, 6.860e+02, 5.986e-02, 2.903e-04, -9.260e-04, 1.106e-04, 3.827e-03
1.810e-01, -1.943e-06, 8.801e-05, 6.853e+02, 6.031e-02, -1.331e-03, -9.251e-04, 2.118e-04, 3.840e-03
1.815e-01, -4.303e-06, 8.852e-05, 6.847e+02, 6.061e-02, -2.947e-03, -9.242e-04, 3.121e-04, 3.842e-03
1.820e-01, -6.645e-06, 8.880e-05, 6.840e+02, 6.075e-02, -4.545e-03, -9.234e-04, 4.108e-04, 3.835e-03
1.825e-01, -8.961e-06, 8.885e-05, 6.834e+02, 6.072e-02, -6.124e-03, -9.225e-04, 5.078e-04, 3.817e-03
1.830e-01, -1.125e-05, 8.865e-05, 6.828e+02, 6.053e-02, -7.681e-03, -9.216e-04, 6.028e-04, 3.789e-03
1.835e-01, -1.350e-05, 8.821e-05, 6.821e+02, 6.017e-02, -9.212e-03, -9.208e-04, 6.958e-04, 3.751e-03
1.840e-01, -1.572e-05, 8.754e-05, 6.815e+02, 5.966e-02, -1.072e-02, -9.199e-04, 7.866e-04, 3.702e-03
1.845e-01, -1.790e-05, 8.662e-05, 6.809e+02, 5.897e-02, -1.219e-02, -9.191e-04, 8.750e-04, 3.643e-03
1.850e-01, -2.003e-05, 8.546e-05, 6.802e+02, 5.813e-02, -1.363e-02, -9.181e-04, 9.610e-04, 3.575e-03
1.855e-01, -2.212e-05, 8.405e-05, 6.796e+02, 5.712e-02, -1.503e-02, -9.169e-04, 1.045e-03, 3.499e-03
1.860e-01, -2.415e-05, 8.241e-05, 6.790e+02, 5.596e-02, -1.640e-02, -9.158e-04, 1.126e-03, 3.412e-03
1.865e-01, -2.613e-05, 8.054e-05, 6.783e+02, 5.463e-02, -1.772e-02, -9.146e-04, 1.204e-03, 3.316e-03
1.870e-01, -2.804e-05, 7.843e-05, 6.777e+02, 5.315e-02, -1.901e-02, -9.134e-04, 1.279e-03, 3.210e-03
1.875e-01, -2.990e-05, 7.608e-05, 6.771e+02, 5.151e-02, -2.024e-02, -9.122e-04, 1.351e-03, 3.095e-03
1.880e-01, -3.168e-05, 7.351e-05, 6.765e+02, 4.973e-02, -2.143e-02, -9.111e-04, 1.420e-03, 2.970e-03
1.885e-01, -3.340e-05, 7.071e-05, 6.758e+02, 4.779e-02, -2.257e-02, -9.099e-04, 1.486e-03, 2.837e-03
1.890e-01, -3.505e-05, 6.770e-05, 6.752e+02, 4.571e-02, -2.366e-02, -9.087e-04, 1.548e-03, 2.696e-03
1.895e-01, -3.661e-05, 6.447e-05, 6.746e+02, 4.349e-02, -2.470e-02, -9.076e-04, 1.606e-03, 2.546e-03
1.900e-01, -3.809e-05, 6.103e-05, 6.740e+02, 4.113e-02, -2.567e-02, -9.064e-04, 1.661e-03, 2.389e-03
1.905e-01, -3.949e-05, 5.739e-05, 6.733e+02, 3.864e-02, -2.659e-02, -9.052e-04, 1.712e-03, 2.223e-03
1.910e-01, -4.080e-05, 5.356e-05, 6.727e+02, 3.603e-02, -2.745e-02, -9.041e-04, 1.759e-03, 2.051e-03
1.915e-01, -4.202e-05, 4.954e-05, 6.721e+02, 3.330e-02, -2.824e-02, -9.029e-04, 1.801e-03, 1.872e-03
1.920e-01, -4.313e-05, 4.535e-05, 6.715e+02, 3.045e-02, -2.896e-02, -9.018e-04, 1.839e-03, 1.687e-03
1.925e-01, -4.415e-05, 4.100e-05, 6.708e+02, 2.750e-02, -2.962e-02, -9.006e-04, 1.873e-03, 1.495e-03
1.930e-01, -4.506e-05, 3.648e-05, 6.702e+02, 2.445e-02, -3.020e-02, -8.994e-04, 1.902e-03, 1.299e-03
1.935e-01, -4.586e-05, 3.182e-05, 6.696e+02, 2.131e-02, -3.071e-02, -8.983e-04, 1.927e-03, 1.097e-03
1.940e-01, -4.655e-05, 2.703e-05, 6.690e+02, 1.808e-02, -3.114e-02, -8.971e-04, 1.947e-03, 8.910e-04
1.945e-01, -4.718e-05, 2.150e-05, 6.683e+02, 1.437e-02, -3.153e-02, -8.958e-04, 1.963e-03, 6.548e-04
1.950e-01, -4.761e-05, 1.652e-05, 6.677e+02, 1.103e-02, -3.179e-02, -8.947e-04, 1.972e-03, 4.439e-04
1.955e-01, -4.791e-05, 1.145e-05, 6.671e+02, 7.640e-03, -3.196e-02, -8.936e-04, 1.975e-03, 2.305e-04
1.960e-01, -4.809e-05, 6.451e-06, 6.665e+02, 4.299e-03, -3.205e-02, -8.925e-04, 1.974e-03, 2.111e-05
1.965e-01, -4.815e-05, 1.398e-06, 6.659e+02, 9.312e-04, -3.206e-02, -8.914e-04, 1.968e-03, -1.892e-04
1.970e-01, -4.811e-05, -2.604e-06, 6.654e+02, -1.733e-03, -3.201e-02, -8.905e-04, 1.959e-03, -3.548e-04
1.975e-01, -4.794e-05, -7.702e-06, 6.648e+02, -5.121e-03, -3.187e-02, -8.894e-04, 1.944e-03, -5.648e-04
1.980e-01, -4.765e-05, -1.284e-05, 6.642e+02, -8.531e-03, -3.165e-02, -8.883e-04, 1.923e-03, -7.753e-04
1.985e-01, -4.723e-05, -1.800e-05, 6.636e+02, -1.195e-02, -3.134e-02, -8.872e-04, 1.898e-03, -9.851e-04
1.990e-01, -4.668e-05, -2.315e-05, 6.630e+02, -1.535e-02, -3.095e-02, -8.861e-04, 1.867e-03, -1.194e-03
1.995e-01, -4.600e-05, -2.829e-05, 6.624e+02, -1.874e-02, -3.047e-02, -8.850e-04, 1.830e-03, -1.400e-03
2.000e-01, -4.518e-05, -3.339e-05, 6.618e+02, -2.210e-02, -2.990e-02, -8.840e-04, 1.789e-03, -1.604e-03
2.005e-01, -4.425e-05, -3.837e-05, 6.613e+02, -2.537e-02, -2.926e-02, -8.829e-04, 1.743e-03, -1.801e-03
2.010e-01, -4.319e-05, -4.326e-05, 6.607e+02, -2.858e-02, -2.853e-02, -8.818e-04, 1.692e-03, -1.995e-03
2.015e-01, -4.200e-05, -4.808e-05, 6.601e+02, -3.174e-02, -2.772e-02, -8.807e-04, 1.637e-03, -2.183e-03
2.020e-01, -4.069e-05, -5.280e-05, 6.595e+02, -3.482e-02, -2.683e-02, -8.797e-04, 1.576e-03, -2.367e-03
2.025e-01, -3.925e-05, -5.740e-05, 6.589e+02, -3.782e-02, -2.587e-02, -8.786e-04, 1.511e-03, -2.545e-03
2.030e-01, -3.770e-05, -6.188e-05, 6.583e+02, -4.074e-02, -2.482e-02, -8.775e-04, 1.442e-03, -2.716e-03
2.035e-01, -3.603e-05, -6.621e-05, 6.578e+02, -4.355e-02, -2.370e-02, -8.765e-04, 1.368e-03, -2.881e-03
2.040e-01, -3.424e-05, -7.039e-05, 6.572e+02, -4.626e-02, -2.250e-02, -8.754e-04, 1.290e-03, -3.038e-03
2.045e-01, -3.234e-05, -7.441e-05, 6.566e+02, -4.886e-02, -2.124e-02, -8.743e-04, 1.208e-03, -3.188e-03
2.050e-01, -3.034e-05, -7.824e-05, 6.560e+02, -5.132e-02, -1.990e-02, -8.733e-04, 1.122e-03, -3.329e-03
2.055e-01, -2.824e-05, -8.187e-05, 6.554e+02, -5.366e-02, -1.851e-02, -8.722e-04, 1.032e-03, -3.462e-03
2.060e-01, -2.604e-05, -8.530e-05, 6.549e+02, -5.586e-02, -1.705e-02, -8.711e-04, 9.396e-04, -3.585e-03
2.065e-01, -2.375e-05, -8.851e-05, 6.543e+02, -5.791e-02, -1.554e-02, -8.701e-04, 8.437e-04, -3.699e-03
2.070e-01, -2.138e-05, -9.149e-05, 6.537e+02, -5.981e-02, -1.398e-02, -8.690e-04, 7.451e-04, -3.803e-03
2.075e-01, -1.893e-05, -9.423e-05, 6.531e+02, -6.154e-02, -1.237e-02, -8.680e-04, 6.439e-04, -3.897e-03
2.080e-01, -1.642e-05, -9.672e-05, 6.526e+02, -6.312e-02, -1.071e-02, -8.669e-04, 5.405e-04, -3.980e-03
2.085e-01, -1.383e-05, -9.896e-05, 6.520e+02, -6.452e-02, -9.020e-03, -8.659e-04, 4.353e-04, -4.052e-03
2.090e-01, -1.120e-05, -1.009e-04, 6.514e+02, -6.574e-02, -7.296e-03, -8.648e-04, 3.284e-04, -4.113e-03
2.095e-01, -8.518e-06, -1.026e-04, 6.508e+02, -6.679e-02, -5.544e-03, -8.638e-04, 2.203e-04, -4.163e-03
2.100e-01, -5.797e-06, -1.040e-04, 6.503e+02, -6.765e-02, -3.770e-03, -8.627e-04, 1.112e-04, -4.201e-03
2.105e-01, -3.046e-06, -1.052e-04, 6.497e+02, -6.833e-02, -1.979e-03, -8.617e-04, 1.583e-06, -4.227e-03
2.110e-01, -2.160e-07, -1.060e-04, 6.491e+02, -6.882e-02, -1.402e-04, -8.606e-04, -1.105e-04, -4.242e-03
2.115e-01, 2.644e-06, -1.066e-04, 6.485e+02, -6.912e-02, 1.715e-03, -8.596e-04, -2.232e-04, -4.245e-03
2.120e-01, 5.508e-06, -1.068e-04, 6.479e+02, -6.921e-02, 3.569e-03, -8.585e-04, -3.354e-04, -4.235e-03
2.125e-01, 8.369e-06, -1.067e-04, 6.474e+02, -6.910e-02, 5.418e-03, -8.574e-04, -4.467e-04, -4.213e-03
2.130e-01, 1.121e-05, -1.064e-04, 6.468e+02, -6.879e-02, 7.254e-03, -8.564e-04, -5.568e-04, -4.178e-03
2.135e-01, 1.404e-05, -1.057e-04, 6.462e+02, -6.828e-02, 9.071e-03, -8.553e-04, -6.654e-04, -4.131e-03
2.140e-01, 1.683e-05, -1.046e-04, 6.456e+02, -6.756e-02, 1.087e-02, -8.543e-04, -7.721e-04, -4.072e-03
2.145e-01, 1.958e-05, -1.033e-04, 6.450e+02, -6.664e-02, 1.263e-02, -8.532e-04, -8.765e-04, -4.001e-03
2.150e-01, 2.228e-05, -1.017e-04, 6.445e+02, -6.553e-02, 1.436e-02, -8.522e-04, -9.784e-04, -3.918e-03
2.155e-01, 2.492e-05, -9.973e-05, 6.439e+02, -6.422e-02, 1.604e-02, -8.511e-04, -1.077e-03, -3.824e-03
2.160e-01, 2.749e-05, -9.749e-05, 6.433e+02, -6.272e-02, 1.769e-02, -8.501e-04, -1.173e-03, -3.718e-03
2.165e-01, 2.999e-05, -9.496e-05, 6.427e+02, -6.103e-02, 1.928e-02, -8.490e-04, -1.265e-03, -3.601e-03
2.170e-01, 3.241e-05, -9.213e-05, 6.421e+02, -5.916e-02, 2.081e-02, -8.480e-04, -1.354e-03, -3.473e-03
2.175e-01, 3.473e-05, -8.903e-05, 6.416e+02, -5.712e-02, 2.228e-02, -8.469e-04, -1.438e-03, -3.336e-03
2.180e-01, 3.695e-05, -8.565e-05, 6.410e+02, -5.490e-02, 2.369e-02, -8.459e-04, -1.518e-03, -3.188e-03
2.185e-01, 3.908e-05, -8.201e-05, 6.404e+02, -5.252e-02, 2.503e-02, -8.448e-04, -1.594e-03, -3.031e-03
2.190e-01, 4.109e-05, -7.812e-05, 6.398e+02, -4.999e-02, 2.629e-02, -8.438e-04, -1.665e-03, -2.865e-03
2.195e-01, 4.298e-05, -7.399e-05, 6.393e+02, -4.730e-02, 2.748e-02, -8.428e-04, -1.731e-03, -2.690e-03
2.200e-01, 4.475e-05, -6.962e-05, 6.387e+02, -4.447e-02, 2.858e-02, -8.417e-04, -1.792e-03, -2.508e-03
2.205e-01, 4.639e-05, -6.504e-05, 6.381e+02, -4.150e-02, 2.960e-02, -8.407e-04, -1.847e-03, -2.318e-03
2.210e-01, 4.790e-05, -6.025e-05, 6.375e+02, -3.842e-02, 3.054e-02, -8.396e-04, -1.897e-03, -2.121e-03
2.215e-01, 4.927e-05, -5.527e-05, 6.370e+02, -3.521e-02, 3.139e-02, -8.386e-04, -1.942e-03, -1.918e-03
2.220e-01, 5.050e-05, -5.012e-05, 6.364e+02, -3.189e-02, 3.214e-02, -8.376e-04, -1.980e-03, -1.709e-03
2.225e-01, 5.159e-05, -4.479e-05, 6.358e+02, -2.848e-02, 3.280e-02, -8.366e-04, -2.013e-03, -1.496e-03
2.230e-01, 5.252e-05, -3.942e-05, 6.353e+02, -2.504e-02, 3.336e-02, -8.355e-04, -2.040e-03, -1.281e-03
2.235e-01, 5.329e-05, -3.399e-05, 6.347e+02, -2.157e-02, 3.382e-02, -8.345e-04, -2.061e-03, -1.065e-03
2.240e-01, 5.392e-05, -2.843e-05, 6.342e+02, -1.803e-02, 3.419e-02, -8.335e-04, -2.077e-03, -8.464e-04
2.245e-01, 5.450e-05, -2.143e-05, 6.335e+02, -1.358e-02, 3.452e-02, -8.323e-04, -2.088e-03, -5.724e-04
2.250e-01, 5.480e-05, -1.558e-05, 6.329e+02, -9.858e-03, 3.469e-02, -8.313e-04, -2.091e-03, -3.447e-04
2.255e-01, 5.496e-05, -9.655e-06, 6.324e+02, -6.106e-03, 3.475e-02, -8.303e-04, -2.087e-03, -1.159e-04
2.260e-01, 5.496e-05, -3.839e-06, 6.318e+02, -2.425e-03, 3.473e-02, -8.293e-04, -2.079e-03, 1.077e-04
2.265e-01, 5.482e-05, 1.987e-06, 6.313e+02, 1.254e-03, 3.461e-02, -8.283e-04, -2.065e-03, 3.303e-04
2.270e-01, 5.454e-05, 7.830e-06, 6.307e+02, 4.938e-03, 3.440e-02, -8.273e-04, -2.046e-03, 5.523e-04
2.275e-01, 5.423e-05, 1.226e-05, 6.303e+02, 7.730e-03, 3.418e-02, -8.266e-04, -2.028e-03, 7.199e-04
2.280e-01, 5.369e-05, 1.816e-05, 6.298e+02, 1.144e-02, 3.381e-02, -8.256e-04, -1.999e-03, 9.416e-04
2.285e-01, 5.300e-05, 2.403e-05, 6.292e+02, 1.512e-02, 3.335e-02, -8.246e-04, -1.964e-03, 1.161e-03
2.290e-01, 5.218e-05, 2.987e-05, 6.287e+02, 1.878e-02, 3.280e-02, -8.236e-04, -1.925e-03, 1.378e-03
2.295e-01, 5.121e-05, 3.562e-05, 6.281e+02, 2.237e-02, 3.216e-02, -8.227e-04, -1.881e-03, 1.590e-03
2.300e-01, 5.013e-05, 4.118e-05, 6.276e+02, 2.585e-02, 3.146e-02, -8.217e-04, -1.832e-03, 1.795e-03
2.305e-01, 4.892e-05, 4.666e-05, 6.270e+02, 2.926e-02, 3.067e-02, -8.207e-04, -1.779e-03, 1.994e-03
2.310e-01, 4.758e-05, 5.203e-05, 6.265e+02, 3.260e-02, 2.981e-02, -8.198e-04, -1.722e-03, 2.189e-03
2.315e-01, 4.612e-05, 5.729e-05, 6.260e+02, 3.586e-02, 2.887e-02, -8.188e-04, -1.660e-03, 2.378e-03
2.320e-01, 4.454e-05, 6.241e-05, 6.254e+02, 3.903e-02, 2.786e-02, -8.179e-04, -1.594e-03, 2.561e-03
2.325e-01, 4.284e-05, 6.739e-05, 6.249e+02, 4.211e-02, 2.677e-02, -8.169e-04, -1.525e-03, 2.738e-03
2.330e-01, 4.103e-05, 7.222e-05, 6.244e+02, 4.509e-02, 2.562e-02, -8.160e-04, -1.451e-03, 2.907e-03
2.335e-01, 3.911e-05, 7.687e-05, 6.238e+02, 4.795e-02, 2.440e-02, -8.150e-04, -1.373e-03, 3.069e-03
2.340e-01, 3.708e-05, 8.134e-05, 6.233e+02, 5.070e-02, 2.311e-02, -8.141e-04, -1.292e-03, 3.224e-03
2.345e-01, 3.496e-05, 8.561e-05, 6.228e+02, 5.331e-02, 2.177e-02, -8.131e-04, -1.208e-03, 3.370e-03
2.350e-01, 3.273e-05, 8.968e-05, 6.222e+02, 5.580e-02, 2.037e-02, -8.122e-04, -1.121e-03, 3.508e-03
2.355e-01, 3.041e-05, 9.353e-05, 6.217e+02, 5.814e-02, 1.891e-02, -8.112e-04, -1.030e-03, 3.636e-03
2.360e-01, 2.801e-05, 9.714e-05, 6.212e+02, 6.034e-02, 1.740e-02, -8.103e-04, -9.372e-04, 3.756e-03
2.365e-01, 2.553e-05, 1.005e-04, 6.206e+02, 6.239e-02, 1.584e-02, -8.093e-04, -8.416e-04, 3.865e-03
2.370e-01, 2.297e-05, 1.037e-04, 6.201e+02, 6.428e-02, 1.424e-02, -8.084e-04, -7.437e-04, 3.965e-03
2.375e-01, 2.034e-05, 1.065e-04, 6.196e+02, 6.600e-02, 1.260e-02, -8.074e-04, -6.437e-04, 4.055e-03
2.380e-01, 1.764e-05, 1.091e-04, 6.190e+02, 6.756e-02, 1.092e-02, -8.065e-04, -5.420e-04, 4.134e-03
2.385e-01, 1.489e-05, 1.115e-04, 6.185e+02, 6.894e-02, 9.211e-03, -8.056e-04, -4.386e-04, 4.202e-03
2.390e-01, 1.209e-05, 1.135e-04, 6.180e+02, 7.015e-02, 7.470e-03, -8.046e-04, -3.338e-04, 4.260e-03
2.395e-01, 9.237e-06, 1.153e-04, 6.175e+02, 7.118e-02, 5.703e-03, -8.037e-04, -2.279e-04, 4.307e-03
2.400e-01, 6.347e-06, 1.167e-04, 6.169e+02, 7.203e-02, 3.916e-03, -8.028e-04, -1.212e-04, 4.342e-03
2.405e-01, 3.425e-06, 1.179e-04, 6.164e+02, 7.269e-02, 2.111e-03, -8.018e-04, -1.384e-05, 4.367e-03
2.410e-01, 4.229e-07, 1.188e-04, 6.159e+02, 7.316e-02, 2.605e-04, -8.009e-04, 9.587e-05, 4.380e-03
2.415e-01, -2.621e-06, 1.194e-04, 6.153e+02, 7.345e-02, -1.613e-03, -7.999e-04, 2.065e-04, 4.381e-03
2.420e-01, -5.676e-06, 1.196e-04, 6.148e+02, 7.353e-02, -3.490e-03, -7.990e-04, 3.169e-04, 4.371e-03
2.425e-01, -8.735e-06, 1.195e-04, 6.143e+02, 7.341e-02, -5.366e-03, -7.980e-04, 4.269e-04, 4.348e-03
2.430e-01, -1.179e-05, 1.191e-04, 6.137e+02, 7.309e-02, -7.236e-03, -7.971e-04, 5.361e-04, 4.313e-03
2.435e-01, -1.483e-05, 1.183e-04, 6.132e+02, 7.257e-02, -9.096e-03, -7.961e-04, 6.443e-04, 4.267e-03
2.440e-01, -1.786e-05, 1.173e-04, 6.127e+02, 7.184e-02, -1.094e-02, -7.952e-04, 7.512e-04, 4.208e-03
2.445e-01, -2.085e-05, 1.159e-04, 6.121e+02, 7.092e-02, -1.276e-02, -7.943e-04, 8.564e-04, 4.138e-03
2.450e-01, -2.380e-05, 1.141e-04, 6.116e+02, 6.979e-02, -1.456e-02, -7.933e-04, 9.596e-04, 4.057e-03
2.455e-01, -2.671e-05, 1.121e-04, 6.111e+02, 6.847e-02, -1.632e-02, -7.924e-04, 1.061e-03, 3.964e-03
2.460e-01, -2.957e-05, 1.097e-04, 6.105e+02, 6.696e-02, -1.805e-02, -7.914e-04, 1.159e-03, 3.859e-03
2.465e-01, -3.237e-05, 1.070e-04, 6.100e+02, 6.525e-02, -1.974e-02, -7.905e-04, 1.255e-03, 3.744e-03
2.470e-01, -3.509e-05, 1.040e-04, 6.095e+02, 6.336e-02, -2.139e-02, -7.896e-04, 1.348e-03, 3.619e-03
2.475e-01, -3.773e-05, 1.007e-04, 6.089e+02, 6.129e-02, -2.298e-02, -7.886e-04, 1.437e-03, 3.483e-03
2.480e-01, -4.029e-05, 9.704e-05, 6.084e+02, 5.904e-02, -2.451e-02, -7.877e-04, 1.523e-03, 3.337e-03
2.485e-01, -4.275e-05, 9.314e-05, 6.079e+02, 5.662e-02, -2.599e-02, -7.868e-04, 1.604e-03, 3.181e-03
2.490e-01, -4.511e-05, 8.896e-05, 6.074e+02, 5.403e-02, -2.740e-02, -7.858e-04, 1.682e-03, 3.017e-03
2.495e-01, -4.735e-05, 8.450e-05, 6.068e+02, 5.128e-02, -2.873e-02, -7.849e-04, 1.755e-03, 2.843e-03
2.500e-01, -4.948e-05, 7.979e-05, 6.063e+02, 4.838e-02, -3.000e-02, -7.840e-04, 1.824e-03, 2.661e-03
2.505e-01, -5.147e-05, 7.482e-05, 6.058e+02, 4.533e-02, -3.118e-02, -7.831e-04, 1.887e-03, 2.471e-03
2.510e-01, -5.334e-05, 6.962e-05, 6.052e+02, 4.214e-02, -3.228e-02, -7.821e-04, 1.946e-03, 2.274e-03
2.515e-01, -5.506e-05, 6.419e-05, 6.047e+02, 3.882e-02, -3.330e-02, -7.812e-04, 1.999e-03, 2.069e-03
2.520e-01, -5.663e-05, 5.855e-05, 6.042e+02, 3.538e-02, -3.422e-02, -7.803e-04, 2.046e-03, 1.858e-03
2.525e-01, -5.805e-05, 5.272e-05, 6.037e+02, 3.182e-02, -3.505e-02, -7.794e-04, 2.088e-03, 1.642e-03
2.530e-01, -5.931e-05, 4.670e-05, 6.031e+02, 2.816e-02, -3.578e-02, -7.784e-04, 2.124e-03, 1.420e-03
2.535e-01, -6.038e-05, 4.068e-05, 6.026e+02, 2.452e-02, -3.639e-02, -7.775e-04, 2.153e-03, 1.200e-03
2.540e-01, -6.128e-05, 3.457e-05, 6.021e+02, 2.081e-02, -3.690e-02, -7.767e-04, 2.176e-03, 9.771e-04
2.545e-01, -6.216e-05, 2.687e-05, 6.015e+02, 1.616e-02, -3.739e-02, -7.756e-04, 2.196e-03, 6.989e-04
2.550e-01, -6.270e-05, 2.034e-05, 6.010e+02, 1.222e-02, -3.768e-02, -7.747e-04, 2.206e-03, 4.643e-04
2.555e-01, -6.306e-05, 1.371e-05, 6.005e+02, 8.235e-03, -3.786e-02, -7.738e-04, 2.210e-03, 2.276e-04
2.560e-01, -6.323e-05, 7.166e-06, 6.000e+02, 4.299e-03, -3.794e-02, -7.729e-04, 2.207e-03, -4.860e-06
2.565e-01, -6.323e-05, 6.009e-07, 5.995e+02, 3.602e-04, -3.790e-02, -7.720e-04, 2.198e-03, -2.367e-04
2.570e-01, -6.305e-05, -6.005e-06, 5.990e+02, -3.597e-03, -3.776e-02, -7.711e-04, 2.183e-03, -4.686e-04
2.575e-01, -6.281e-05, -1.080e-05, 5.986e+02, -6.464e-03, -3.760e-02, -7.705e-04, 2.168e-03, -6.362e-04
2.580e-01, -6.232e-05, -1.747e-05, 5.981e+02, -1.045e-02, -3.727e-02, -7.696e-04, 2.143e-03, -8.681e-04
2.585e-01, -6.164e-05, -2.413e-05, 5.976e+02, -1.442e-02, -3.684e-02, -7.687e-04, 2.111e-03, -1.099e-03
2.590e-01, -6.079e-05, -3.078e-05, 5.971e+02, -1.838e-02, -3.630e-02, -7.678e-04, 2.073e-03, -1.327e-03
2.595e-01, -5.976e-05, -3.738e-05, 5.966e+02, -2.230e-02, -3.565e-02, -7.670e-04, 2.029e-03, -1.553e-03
2.600e-01, -5.855e-05, -4.393e-05, 5.961e+02, -2.618e-02, -3.490e-02, -7.661e-04, 1.978e-03, -1.775e-03
2.605e-01, -5.716e-05, -5.040e-05, 5.956e+02, -3.001e-02, -3.404e-02, -7.652e-04, 1.922e-03, -1.994e-03
2.610e-01, -5.561e-05, -5.671e-05, 5.951e+02, -3.375e-02, -3.309e-02, -7.645e-04, 1.861e-03, -2.205e-03
2.615e-01, -5.391e-05, -6.283e-05, 5.946e+02, -3.735e-02, -3.205e-02, -7.638e-04, 1.795e-03, -2.409e-03
2.620e-01, -5.206e-05, -6.881e-05, 5.941e+02, -4.088e-02, -3.093e-02, -7.632e-04, 1.723e-03, -2.606e-03
2.625e-01, -5.005e-05, -7.464e-05, 5.936e+02, -4.431e-02, -2.971e-02, -7.625e-04, 1.647e-03, -2.798e-03
2.630e-01, -4.789e-05, -8.031e-05, 5.931e+02, -4.763e-02, -2.840e-02, -7.619e-04, 1.566e-03, -2.982e-03
2.635e-01, -4.559e-05, -8.580e-05, 5.926e+02, -5.084e-02, -2.701e-02, -7.613e-04, 1.481e-03, -3.159e-03
2.640e-01, -4.314e-05, -9.109e-05, 5.921e+02, -5.393e-02, -2.555e-02, -7.606e-04, 1.391e-03, -3.328e-03
2.645e-01, -4.057e-05, -9.616e-05, 5.916e+02, -5.689e-02, -2.400e-02, -7.600e-04, 1.297e-03, -3.488e-03
2.650e-01, -3.787e-05, -1.010e-04, 5.911e+02, -5.971e-02, -2.239e-02, -7.594e-04, 1.200e-03, -3.640e-03
2.655e-01, -3.506e-05, -1.056e-04, 5.906e+02, -6.238e-02, -2.071e-02, -7.587e-04, 1.099e-03, -3.782e-03
2.660e-01, -3.213e-05, -1.100e-04, 5.901e+02, -6.490e-02, -1.896e-02, -7.581e-04, 9.948e-04, -3.915e-03
2.665e-01, -2.910e-05, -1.140e-04, 5.897e+02, -6.725e-02, -1.716e-02, -7.575e-04, 8.879e-04, -4.038e-03
2.670e-01, -2.598e-05, -1.178e-04, 5.892e+02, -6.943e-02, -1.531e-02, -7.568e-04, 7.784e-04, -4.150e-03
2.675e-01, -2.278e-05, -1.214e-04, 5.887e+02, -7.144e-02, -1.341e-02, -7.562e-04, 6.667e-04, -4.252e-03
2.680e-01, -1.949e-05, -1.246e-04, 5.882e+02, -7.326e-02, -1.147e-02, -7.556e-04, 5.531e-04, -4.342e-03
2.685e-01, -1.615e-05, -1.274e-04, 5.877e+02, -7.490e-02, -9.489e-03, -7.550e-04, 4.379e-04, -4.421e-03
2.690e-01, -1.274e-05, -1.300e-04, 5.872e+02, -7.634e-02, -7.481e-03, -7.543e-04, 3.214e-04, -4.489e-03
2.695e-01, -9.287e-06, -1.322e-04, 5.867e+02, -7.759e-02, -5.449e-03, -7.537e-04, 2.040e-04, -4.545e-03
2.700e-01, -5.796e-06, -1.341e-04, 5.862e+02, -7.864e-02, -3.398e-03, -7.531e-04, 8.605e-05, -4.589e-03
2.705e-01, -2.277e-06, -1.357e-04, 5.858e+02, -7.948e-02, -1.334e-03, -7.524e-04, -3.220e-05, -4.621e-03
2.710e-01, 1.317e-06, -1.369e-04, 5.853e+02, -8.012e-02, 7.709e-04, -7.518e-04, -1.523e-04, -4.642e-03
2.715e-01, 4.954e-06, -1.377e-04, 5.848e+02, -8.055e-02, 2.897e-03, -7.512e-04, -2.731e-04, -4.649e-03
2.720e-01, 8.588e-06, -1.382e-04, 5.843e+02, -8.075e-02, 5.018e-03, -7.505e-04, -3.932e-04, -4.644e-03
2.725e-01, 1.221e-05, -1.383e-04, 5.838e+02, -8.073e-02, 7.127e-03, -7.499e-04, -5.120e-04, -4.626e-03
2.730e-01, 1.580e-05, -1.380e-04, 5.833e+02, -8.049e-02, 9.219e-03, -7.492e-04, -6.294e-04, -4.594e-03
2.735e-01, 1.937e-05, -1.373e-04, 5.828e+02, -8.002e-02, 1.129e-02, -7.486e-04, -7.449e-04, -4.550e-03
2.740e-01, 2.288e-05, -1.362e-04, 5.823e+02, -7.933e-02, 1.332e-02, -7.480e-04, -8.583e-04, -4.493e-03
2.745e-01, 2.634e-05, -1.348e-04, 5.818e+02, -7.841e-02, 1.533e-02, -7.473e-04, -9.691e-04, -4.424e-03
2.750e-01, 2.974e-05, -1.329e-04, 5.813e+02, -7.727e-02, 1.729e-02, -7.467e-04, -1.077e-03, -4.342e-03
2.755e-01, 3.306e-05, -1.307e-04, 5.808e+02, -7.591e-02, 1.920e-02, -7.461e-04, -1.182e-03, -4.248e-03
2.760e-01, 3.629e-05, -1.281e-04, 5.803e+02, -7.433e-02, 2.106e-02, -7.454e-04, -1.284e-03, -4.141e-03
2.765e-01, 3.943e-05, -1.251e-04, 5.798e+02, -7.254e-02, 2.286e-02, -7.448e-04, -1.381e-03, -4.023e-03
2.770e-01, 4.246e-05, -1.218e-04, 5.793e+02, -7.054e-02, 2.460e-02, -7.442e-04, -1.475e-03, -3.894e-03
2.775e-01, 4.538e-05, -1.180e-04, 5.788e+02, -6.833e-02, 2.627e-02, -7.435e-04, -1.565e-03, -3.753e-03
2.780e-01, 4.817e-05, -1.140e-04, 5.784e+02, -6.593e-02, 2.786e-02, -7.429e-04, -1.650e-03, -3.602e-03
2.785e-01, 5.084e-05, -1.096e-04, 5.779e+02, -6.333e-02, 2.938e-02, -7.423e-04, -1.730e-03, -3.440e-03
2.790e-01, 5.337e-05, -1.049e-04, 5.774e+02, -6.054e-02, 3.081e-02, -7.416e-04, -1.805e-03, -3.268e-03
2.795e-01, 5.575e-05, -9.980e-05, 5.769e+02, -5.758e-02, 3.216e-02, -7.410e-04, -1.875e-03, -3.086e-03
2.800e-01, 5.798e-05, -9.444e-05, 5.764e+02, -5.444e-02, 3.342e-02, -7.404e-04, -1.940e-03, -2.896e-03
2.805e-01, 6.005e-05, -8.878e-05, 5.759e+02, -5.113e-02, 3.458e-02, -7.397e-04, -1.999e-03, -2.696e-03
2.810e-01, 6.195e-05, -8.284e-05, 5.754e+02, -4.767e-02, 3.565e-02, -7.391e-04, -2.052e-03, -2.489e-03
2.815e-01, 6.368e-05, -7.663e-05, 5.749e+02, -4.406e-02, 3.661e-02, -7.385e-04, -2.100e-03, -2.274e-03
2.820e-01, 6.524e-05, -7.017e-05, 5.745e+02, -4.031e-02, 3.747e-02, -7.378e-04, -2.142e-03, -2.053e-03
2.825e-01, 6.661e-05, -6.348e-05, 5.740e+02, -3.643e-02, 3.823e-02, -7.372e-04, -2.177e-03, -1.824e-03
2.830e-01, 6.775e-05, -5.680e-05, 5.735e+02, -3.257e-02, 3.886e-02, -7.366e-04, -2.205e-03, -1.599e-03
2.835e-01, 6.872e-05, -4.994e-05, 5.730e+02, -2.862e-02, 3.938e-02, -7.360e-04, -2.228e-03, -1.368e-03
2.840e-01, 6.951e-05, -4.290e-05, 5.726e+02, -2.456e-02, 3.980e-02, -7.354e-04, -2.244e-03, -1.133e-03
2.845e-01, 7.024e-05, -3.372e-05, 5.720e+02, -1.929e-02, 4.018e-02, -7.346e-04, -2.257e-03, -8.291e-04
2.850e-01, 7.061e-05, -2.618e-05, 5.715e+02, -1.496e-02, 4.035e-02, -7.340e-04, -2.259e-03, -5.811e-04
2.855e-01, 7.079e-05, -1.852e-05, 5.710e+02, -1.058e-02, 4.042e-02, -7.334e-04, -2.256e-03, -3.307e-04
2.860e-01, 7.076e-05, -1.093e-05, 5.705e+02, -6.237e-03, 4.037e-02, -7.328e-04, -2.246e-03, -8.401e-05
2.865e-01, 7.055e-05, -3.328e-06, 5.701e+02, -1.897e-03, 4.022e-02, -7.322e-04, -2.231e-03, 1.616e-04
2.870e-01, 7.015e-05, 4.330e-06, 5.696e+02, 2.466e-03, 3.996e-02, -7.316e-04, -2.210e-03, 4.075e-04
2.875e-01, 6.977e-05, 9.565e-06, 5.693e+02, 5.445e-03, 3.972e-02, -7.312e-04, -2.192e-03, 5.748e-04
2.880e-01, 6.905e-05, 1.730e-05, 5.688e+02, 9.842e-03, 3.927e-02, -7.306e-04, -2.160e-03, 8.207e-04
2.885e-01, 6.813e-05, 2.505e-05, 5.684e+02, 1.424e-02, 3.872e-02, -7.300e-04, -2.123e-03, 1.066e-03
2.890e-01, 6.703e-05, 3.279e-05, 5.679e+02, 1.862e-02, 3.807e-02, -7.294e-04, -2.080e-03, 1.309e-03
2.895e-01, 6.574e-05, 4.049e-05, 5.674e+02, 2.297e-02, 3.730e-02, -7.288e-04, -2.031e-03, 1.549e-03
2.900e-01, 6.427e-05, 4.813e-05, 5.669e+02, 2.729e-02, 3.644e-02, -7.282e-04, -1.977e-03, 1.786e-03
2.905e-01, 6.261e-05, 5.569e-05, 5.665e+02, 3.155e-02, 3.547e-02, -7.276e-04, -1.917e-03, 2.019e-03
2.910e-01, 6.077e-05, 6.315e-05, 5.660e+02, 3.574e-02, 3.440e-02, -7.270e-04, -1.852e-03, 2.247e-03
2.915e-01, 5.876e-05, 7.049e-05, 5.655e+02, 3.987e-02, 3.323e-02, -7.264e-04, -1.782e-03, 2.471e-03
2.920e-01, 5.659e-05, 7.762e-05, 5.651e+02, 4.386e-02, 3.198e-02, -7.258e-04, -1.707e-03, 2.686e-03
2.925e-01, 5.430e-05, 8.448e-05, 5.646e+02, 4.770e-02, 3.066e-02, -7.252e-04, -1.629e-03, 2.891e-03
2.930e-01, 5.186e-05, 9.116e-05, 5.642e+02, 5.143e-02, 2.926e-02, -7.246e-04, -1.547e-03, 3.090e-03
2.935e-01, 4.927e-05, 9.764e-05, 5.637e+02, 5.504e-02, 2.777e-02, -7.240e-04, -1.461e-03, 3.281e-03
2.940e-01, 4.654e-05, 1.039e-04, 5.633e+02, 5.852e-02, 2.621e-02, -7.234e-04, -1.370e-03, 3.464e-03
2.945e-01, 4.367e-05, 1.099e-04, 5.628e+02, 6.186e-02, 2.458e-02, -7.228e-04, -1.276e-03, 3.638e-03
2.950e-01, 4.068e-05, 1.157e-04, 5.624e+02, 6.505e-02, 2.288e-02, -7.222e-04, -1.179e-03, 3.804e-03
2.955e-01, 3.757e-05, 1.212e-04, 5.619e+02, 6.809e-02, 2.111e-02, -7.216e-04, -1.078e-03, 3.959e-03
2.960e-01, 3.434e-05, 1.264e-04, 5.614e+02, 7.095e-02, 1.928e-02, -7.211e-04, -9.744e-04, 4.105e-03
2.965e-01, 3.101e-05, 1.313e-04, 5.610e+02, 7.364e-02, 1.740e-02, -7.205e-04, -8.681e-04, 4.240e-03
2.970e-01, 2.759e-05, 1.358e-04, 5.605e+02, 7.615e-02, 1.546e-02, -7.199e-04, -7.594e-04, 4.365e-03
2.975e-01, 2.408e-05, 1.401e-04, 5.601e+02, 7.846e-02, 1.349e-02, -7.193e-04, -6.486e-04, 4.478e-03
2.980e-01, 2.048e-05, 1.440e-04, 5.596e+02, 8.058e-02, 1.146e-02, -7.187e-04, -5.359e-04, 4.580e-03
2.985e-01, 1.682e-05, 1.475e-04, 5.592e+02, 8.249e-02, 9.407e-03, -7.181e-04, -4.217e-04, 4.670e-03
2.990e-01, 1.310e-05, 1.507e-04, 5.587e+02, 8.419e-02, 7.320e-03, -7.176e-04, -3.062e-04, 4.748e-03
2.995e-01, 9.328e-06, 1.535e-04, 5.583e+02, 8.567e-02, 5.208e-03, -7.170e-04, -1.898e-04, 4.813e-03
3.000e-01, 5.514e-06, 1.558e-04, 5.578e+02, 8.694e-02, 3.076e-03, -7.164e-04, -7.269e-05, 4.866e-03
