 # Time,     Mach,      alfa,      beta,      Cd,      Cd0,     Cdd2,     CL_alfa,     Cn_p_alfa,     Cn_q_alfa 
5.000e-04, 2.934e+00, 8.446e-02, 0.000e+00, 3.498e-01, 3.000e-01, 7.000e+00, 3.000e+00, 0.000e+00, 0.000e+00
1.000e-03, 2.931e+00, 8.128e-02, 0.000e+00, 3.461e-01, 3.000e-01, 7.000e+00, 3.000e+00, 0.000e+00, 0.000e+00
1.500e-03, 2.926e+00, 7.436e-02, 0.000e+00, 3.386e-01, 3.000e-01, 7.000e+00, 3.000e+00, 0.000e+00, 0.000e+00
2.000e-03, 2.923e+00, 6.780e-02, 0.000e+00, 3.321e-01, 3.000e-01, 7.000e+00, 3.000e+00, 0.000e+00, 0.000e+00
2.500e-03, 2.919e+00, 5.735e-02, 0.000e+00, 3.230e-01, 3.000e-01, 7.000e+00, 3.000e+00, 0.000e+00, 0.000e+00
3.000e-03, 2.915e+00, 4.708e-02, 0.000e+00, 3.155e-01, 3.000e-01, 7.000e+00, 3.000e+00, 0.000e+00, 0.000e+00
3.500e-03, 2.912e+00, 3.834e-02, 0.000e+00, 3.103e-01, 3.000e-01, 7.000e+00, 3.000e+00, 0.000e+00, 0.000e+00
4.000e-03, 2.909e+00, 2.751e-02, 0.000e+00, 3.053e-01, 3.000e-01, 7.000e+00, 3.000e+00, 0.000e+00, 0.000e+00
4.500e-03, 2.906e+00, 1.521e-02, 0.000e+00, 3.016e-01, 3.000e-01, 7.000e+00, 3.000e+00, 0.000e+00, 0.000e+00
5.000e-03, 2.902e+00, 2.486e-03, 0.000e+00, 3.000e-01, 3.000e-01, 7.000e+00, 3.000e+00, 0.000e+00, 0.000e+00
5.500e-03, 2.898e+00, -1.217e-02, 0.000e+00, 3.010e-01, 3.000e-01, 7.000e+00, 3.000e+00, 0.000e+00, 0.000e+00
6.000e-03, 2.895e+00, -2.230e-02, 0.000e+00, 3.035e-01, 3.000e-01, 7.000e+00, 3.000e+00, 0.000e+00, 0.000e+00
6.500e-03, 2.892e+00, -3.130e-02, 0.000e+00, 3.069e-01, 3.000e-01, 7.000e+00, 3.000e+00, 0.000e+00, 0.000e+00
7.000e-03, 2.889e+00, -4.018e-02, 0.000e+00, 3.113e-01, 3.000e-01, 7.000e+00, 3.000e+00, 0.000e+00, 0.000e+00
7.500e-03, 2.885e+00, -5.033e-02, 0.000e+00, 3.177e-01, 3.000e-01, 7.000e+00, 3.000e+00, 0.000e+00, 0.000e+00
8.000e-03, 2.881e+00, -5.788e-02, 0.000e+00, 3.234e-01, 3.000e-01, 7.000e+00, 3.000e+00, 0.000e+00, 0.000e+00
8.500e-03, 2.878e+00, -6.355e-02, 0.000e+00, 3.282e-01, 3.000e-01, 7.000e+00, 3.000e+00, 0.000e+00, 0.000e+00
9.000e-03, 2.875e+00, -6.700e-02, 0.000e+00, 3.314e-01, 3.000e-01, 7.000e+00, 3.000e+00, 0.000e+00, 0.000e+00
9.500e-03, 2.872e+00, -6.981e-02, 0.000e+00, 3.341e-01, 3.000e-01, 7.000e+00, 3.000e+00, 0.000e+00, 0.000e+00
1.000e-02, 2.868e+00, -7.126e-02, 0.000e+00, 3.355e-01, 3.000e-01, 7.000e+00, 3.000e+00, 0.000e+00, 0.000e+00
1.050e-02, 2.864e+00, -7.086e-02, 0.000e+00, 3.351e-01, 3.000e-01, 7.000e+00, 3.000e+00, 0.000e+00, 0.000e+00
1.100e-02, 2.860e+00, -6.914e-02, 0.000e+00, 3.334e-01, 3.000e-01, 7.000e+00, 3.000e+00, 0.000e+00, 0.000e+00
1.150e-02, 2.857e+00, -6.595e-02, 0.000e+00, 3.304e-01, 3.000e-01, 7.000e+00, 3.000e+00, 0.000e+00, 0.000e+00
1.200e-02, 2.854e+00, -6.157e-02, 0.000e+00, 3.265e-01, 3.000e-01, 7.000e+00, 3.000e+00, 0.000e+00, 0.000e+00
1.250e-02, 2.850e+00, -5.519e-02, 0.000e+00, 3.213e-01, 3.000e-01, 7.000e+00, 3.000e+00, 0.000e+00, 0.000e+00
1.300e-02, 2.846e+00, -4.686e-02, 0.000e+00, 3.154e-01, 3.000e-01, 7.000e+00, 3.000e+00, 0.000e+00, 0.000e+00
1.350e-02, 2.843e+00, -3.870e-02, 0.000e+00, 3.105e-01, 3.000e-01, 7.000e+00, 3.000e+00, 0.000e+00, 0.000e+00
1.400e-02, 2.840e+00, -3.181e-02, 0.000e+00, 3.071e-01, 3.000e-01, 7.000e+00, 3.000e+00, 0.000e+00, 0.000e+00
1.450e-02, 2.837e+00, -2.323e-02, 0.000e+00, 3.038e-01, 3.000e-01, 7.000e+00, 3.000e+00, 0.000e+00, 0.000e+00
1.500e-02, 2.834e+00, -1.336e-02, 0.000e+00, 3.013e-01, 3.000e-01, 7.000e+00, 3.000e+00, 0.000e+00, 0.000e+00
1.550e-02, 2.830e+00, -3.072e-03, 0.000e+00, 3.001e-01, 3.000e-01, 7.000e+00, 3.000e+00, 0.000e+00, 0.000e+00
1.600e-02, 2.828e+00, 4.839e-03, 0.000e+00, 3.002e-01, 3.000e-01, 7.000e+00, 3.000e+00, 0.000e+00, 0.000e+00
1.650e-02, 2.824e+00, 1.582e-02, 0.000e+00, 3.018e-01, 3.000e-01, 7.000e+00, 3.000e+00, 0.000e+00, 0.000e+00
1.700e-02, 2.821e+00, 2.343e-02, 0.000e+00, 3.038e-01, 3.000e-01, 7.000e+00, 3.000e+00, 0.000e+00, 0.000e+00
1.750e-02, 2.818e+00, 3.078e-02, 0.000e+00, 3.066e-01, 3.000e-01, 7.000e+00, 3.000e+00, 0.000e+00, 0.000e+00
1.800e-02, 2.815e+00, 3.853e-02, 0.000e+00, 3.104e-01, 3.000e-01, 7.000e+00, 3.000e+00, 0.000e+00, 0.000e+00
1.850e-02, 2.811e+00, 4.562e-02, 0.000e+00, 3.146e-01, 3.000e-01, 7.000e+00, 3.000e+00, 0.000e+00, 0.000e+00
1.900e-02, 2.807e+00, 5.053e-02, 0.000e+00, 3.179e-01, 3.000e-01, 7.000e+00, 3.000e+00, 0.000e+00, 0.000e+00
1.950e-02, 2.805e+00, 5.361e-02, 0.000e+00, 3.201e-01, 3.000e-01, 7.000e+00, 3.000e+00, 0.000e+00, 0.000e+00
2.000e-02, 2.802e+00, 5.624e-02, 0.000e+00, 3.221e-01, 3.000e-01, 7.000e+00, 3.000e+00, 0.000e+00, 0.000e+00
2.050e-02, 2.798e+00, 5.788e-02, 0.000e+00, 3.234e-01, 3.000e-01, 7.000e+00, 3.000e+00, 0.000e+00, 0.000e+00
2.100e-02, 2.795e+00, 5.811e-02, 0.000e+00, 3.236e-01, 3.000e-01, 7.000e+00, 3.000e+00, 0.000e+00, 0.000e+00
2.150e-02, 2.791e+00, 5.706e-02, 0.000e+00, 3.228e-01, 3.000e-01, 7.000e+00, 3.000e+00, 0.000e+00, 0.000e+00
2.200e-02, 2.789e+00, 5.537e-02, 0.000e+00, 3.214e-01, 3.000e-01, 7.000e+00, 3.000e+00, 0.000e+00, 0.000e+00
2.250e-02, 2.785e+00, 5.154e-02, 0.000e+00, 3.186e-01, 3.000e-01, 7.000e+00, 3.000e+00, 0.000e+00, 0.000e+00
2.300e-02, 2.782e+00, 4.775e-02, 0.000e+00, 3.160e-01, 3.000e-01, 7.000e+00, 3.000e+00, 0.000e+00, 0.000e+00
2.350e-02, 2.778e+00, 4.160e-02, 0.000e+00, 3.121e-01, 3.000e-01, 7.000e+00, 3.000e+00, 0.000e+00, 0.000e+00
2.400e-02, 2.776e+00, 3.733e-02, 0.000e+00, 3.098e-01, 3.000e-01, 7.000e+00, 3.000e+00, 0.000e+00, 0.000e+00
2.450e-02, 2.772e+00, 2.987e-02, 0.000e+00, 3.062e-01, 3.000e-01, 7.000e+00, 3.000e+00, 0.000e+00, 0.000e+00
2.500e-02, 2.769e+00, 2.321e-02, 0.000e+00, 3.038e-01, 3.000e-01, 7.000e+00, 3.000e+00, 0.000e+00, 0.000e+00
2.550e-02, 2.767e+00, 1.630e-02, 0.000e+00, 3.019e-01, 3.000e-01, 7.000e+00, 3.000e+00, 0.000e+00, 0.000e+00
2.600e-02, 2.763e+00, 8.540e-03, 0.000e+00, 3.005e-01, 3.000e-01, 7.000e+00, 3.000e+00, 0.000e+00, 0.000e+00
2.650e-02, 2.760e+00, 4.935e-04, 0.000e+00, 3.000e-01, 3.000e-01, 7.000e+00, 3.000e+00, 0.000e+00, 0.000e+00
2.700e-02, 2.756e+00, -9.219e-03, 0.000e+00, 3.006e-01, 3.000e-01, 7.000e+00, 3.000e+00, 0.000e+00, 0.000e+00
2.750e-02, 2.754e+00, -1.571e-02, 0.000e+00, 3.017e-01, 3.000e-01, 7.000e+00, 3.000e+00, 0.000e+00, 0.000e+00
2.800e-02, 2.751e+00, -2.107e-02, 0.000e+00, 3.031e-01, 3.000e-01, 7.000e+00, 3.000e+00, 0.000e+00, 0.000e+00
2.850e-02, 2.748e+00, -2.660e-02, 0.000e+00, 3.050e-01, 3.000e-01, 7.000e+00, 3.000e+00, 0.000e+00, 0.000e+00
2.900e-02, 2.745e+00, -3.310e-02, 0.000e+00, 3.077e-01, 3.000e-01, 7.000e+00, 3.000e+00, 0.000e+00, 0.000e+00
2.950e-02, 2.743e+00, -3.659e-02, 0.000e+00, 3.094e-01, 3.000e-01, 7.000e+00, 3.000e+00, 0.000e+00, 0.000e+00
3.000e-02, 2.740e+00, -4.057e-02, 0.000e+00, 3.115e-01, 3.000e-01, 7.000e+00, 3.000e+00, 0.000e+00, 0.000e+00
3.050e-02, 2.736e+00, -4.404e-02, 0.000e+00, 3.136e-01, 3.000e-01, 7.000e+00, 3.000e+00, 0.000e+00, 0.000e+00
3.100e-02, 2.733e+00, -4.603e-02, 0.000e+00, 3.148e-01, 3.000e-01, 7.000e+00, 3.000e+00, 0.000e+00, 0.000e+00
3.150e-02, 2.730e+00, -4.724e-02, 0.000e+00, 3.156e-01, 3.000e-01, 7.000e+00, 3.000e+00, 0.000e+00, 0.000e+00
3.200e-02, 2.726e+00, -4.735e-02, 0.000e+00, 3.157e-01, 3.000e-01, 7.000e+00, 3.000e+00, 0.000e+00, 0.000e+00
3.250e-02, 2.723e+00, -4.642e-02, 0.000e+00, 3.151e-01, 3.000e-01, 7.000e+00, 3.000e+00, 0.000e+00, 0.000e+00
3.300e-02, 2.721e+00, -4.508e-02, 0.000e+00, 3.142e-01, 3.000e-01, 7.000e+00, 3.000e+00, 0.000e+00, 0.000e+00
3.350e-02, 2.718e+00, -4.278e-02, 0.000e+00, 3.128e-01, 3.000e-01, 7.000e+00, 3.000e+00, 0.000e+00, 0.000e+00
3.400e-02, 2.715e+00, -3.908e-02, 0.000e+00, 3.107e-01, 3.000e-01, 7.000e+00, 3.000e+00, 0.000e+00, 0.000e+00
3.450e-02, 2.711e+00, -3.470e-02, 0.000e+00, 3.084e-01, 3.000e-01, 7.000e+00, 3.000e+00, 0.000e+00, 0.000e+00
3.500e-02, 2.709e+00, -3.087e-02, 0.000e+00, 3.067e-01, 3.000e-01, 7.000e+00, 3.000e+00, 0.000e+00, 0.000e+00
3.550e-02, 2.706e+00, -2.495e-02, 0.000e+00, 3.044e-01, 3.000e-01, 7.000e+00, 3.000e+00, 0.000e+00, 0.000e+00
3.600e-02, 2.703e+00, -1.968e-02, 0.000e+00, 3.027e-01, 3.000e-01, 7.000e+00, 3.000e+00, 0.000e+00, 0.000e+00
3.650e-02, 2.700e+00, -1.420e-02, 0.000e+00, 3.014e-01, 3.000e-01, 7.000e+00, 3.000e+00, 0.000e+00, 0.000e+00
3.700e-02, 2.697e+00, -7.947e-03, 0.000e+00, 3.004e-01, 3.000e-01, 7.000e+00, 3.000e+00, 0.000e+00, 0.000e+00
3.750e-02, 2.694e+00, -1.371e-03, 0.000e+00, 3.000e-01, 3.000e-01, 7.000e+00, 3.000e+00, 0.000e+00, 0.000e+00
3.800e-02, 2.692e+00, 3.898e-03, 0.000e+00, 3.001e-01, 3.000e-01, 7.000e+00, 3.000e+00, 0.000e+00, 0.000e+00
3.850e-02, 2.688e+00, 1.083e-02, 0.000e+00, 3.008e-01, 3.000e-01, 7.000e+00, 3.000e+00, 0.000e+00, 0.000e+00
3.900e-02, 2.686e+00, 1.544e-02, 0.000e+00, 3.017e-01, 3.000e-01, 7.000e+00, 3.000e+00, 0.000e+00, 0.000e+00
3.950e-02, 2.683e+00, 2.006e-02, 0.000e+00, 3.028e-01, 3.000e-01, 7.000e+00, 3.000e+00, 0.000e+00, 0.000e+00
4.000e-02, 2.680e+00, 2.503e-02, 0.000e+00, 3.044e-01, 3.000e-01, 7.000e+00, 3.000e+00, 0.000e+00, 0.000e+00
4.050e-02, 2.678e+00, 2.843e-02, 0.000e+00, 3.057e-01, 3.000e-01, 7.000e+00, 3.000e+00, 0.000e+00, 0.000e+00
4.100e-02, 2.675e+00, 3.194e-02, 0.000e+00, 3.071e-01, 3.000e-01, 7.000e+00, 3.000e+00, 0.000e+00, 0.000e+00
4.150e-02, 2.671e+00, 3.507e-02, 0.000e+00, 3.086e-01, 3.000e-01, 7.000e+00, 3.000e+00, 0.000e+00, 0.000e+00
4.200e-02, 2.669e+00, 3.694e-02, 0.000e+00, 3.095e-01, 3.000e-01, 7.000e+00, 3.000e+00, 0.000e+00, 0.000e+00
4.250e-02, 2.666e+00, 3.813e-02, 0.000e+00, 3.102e-01, 3.000e-01, 7.000e+00, 3.000e+00, 0.000e+00, 0.000e+00
4.300e-02, 2.663e+00, 3.867e-02, 0.000e+00, 3.105e-01, 3.000e-01, 7.000e+00, 3.000e+00, 0.000e+00, 0.000e+00
4.350e-02, 2.659e+00, 3.828e-02, 0.000e+00, 3.103e-01, 3.000e-01, 7.000e+00, 3.000e+00, 0.000e+00, 0.000e+00
4.400e-02, 2.656e+00, 3.711e-02, 0.000e+00, 3.096e-01, 3.000e-01, 7.000e+00, 3.000e+00, 0.000e+00, 0.000e+00
4.450e-02, 2.654e+00, 3.568e-02, 0.000e+00, 3.089e-01, 3.000e-01, 7.000e+00, 3.000e+00, 0.000e+00, 0.000e+00
4.500e-02, 2.651e+00, 3.359e-02, 0.000e+00, 3.079e-01, 3.000e-01, 7.000e+00, 3.000e+00, 0.000e+00, 0.000e+00
4.550e-02, 2.648e+00, 3.046e-02, 0.000e+00, 3.065e-01, 3.000e-01, 7.000e+00, 3.000e+00, 0.000e+00, 0.000e+00
4.600e-02, 2.646e+00, 2.761e-02, 0.000e+00, 3.053e-01, 3.000e-01, 7.000e+00, 3.000e+00, 0.000e+00, 0.000e+00
4.650e-02, 2.643e+00, 2.373e-02, 0.000e+00, 3.039e-01, 3.000e-01, 7.000e+00, 3.000e+00, 0.000e+00, 0.000e+00
4.700e-02, 2.640e+00, 1.893e-02, 0.000e+00, 3.025e-01, 3.000e-01, 7.000e+00, 3.000e+00, 0.000e+00, 0.000e+00
4.750e-02, 2.637e+00, 1.467e-02, 0.000e+00, 3.015e-01, 3.000e-01, 7.000e+00, 3.000e+00, 0.000e+00, 0.000e+00
4.800e-02, 2.635e+00, 1.027e-02, 0.000e+00, 3.007e-01, 3.000e-01, 7.000e+00, 3.000e+00, 0.000e+00, 0.000e+00
4.850e-02, 2.632e+00, 5.333e-03, 0.000e+00, 3.002e-01, 3.000e-01, 7.000e+00, 3.000e+00, 0.000e+00, 0.000e+00
4.900e-02, 2.629e+00, 1.608e-04, 0.000e+00, 3.000e-01, 3.000e-01, 7.000e+00, 3.000e+00, 0.000e+00, 0.000e+00
4.950e-02, 2.627e+00, -4.034e-03, 0.000e+00, 3.001e-01, 3.000e-01, 7.000e+00, 3.000e+00, 0.000e+00, 0.000e+00
5.000e-02, 2.624e+00, -8.237e-03, 0.000e+00, 3.005e-01, 3.000e-01, 7.000e+00, 3.000e+00, 0.000e+00, 0.000e+00
5.050e-02, 2.621e+00, -1.344e-02, 0.000e+00, 3.013e-01, 3.000e-01, 7.000e+00, 3.000e+00, 0.000e+00, 0.000e+00
5.100e-02, 2.618e+00, -1.697e-02, 0.000e+00, 3.020e-01, 3.000e-01, 7.000e+00, 3.000e+00, 0.000e+00, 0.000e+00
5.150e-02, 2.615e+00, -2.085e-02, 0.000e+00, 3.030e-01, 3.000e-01, 7.000e+00, 3.000e+00, 0.000e+00, 0.000e+00
5.200e-02, 2.613e+00, -2.348e-02, 0.000e+00, 3.039e-01, 3.000e-01, 7.000e+00, 3.000e+00, 0.000e+00, 0.000e+00
5.250e-02, 2.610e+00, -2.622e-02, 0.000e+00, 3.048e-01, 3.000e-01, 7.000e+00, 3.000e+00, 0.000e+00, 0.000e+00
5.300e-02, 2.607e+00, -2.868e-02, 0.000e+00, 3.058e-01, 3.000e-01, 7.000e+00, 3.000e+00, 0.000e+00, 0.000e+00
5.350e-02, 2.605e+00, -3.015e-02, 0.000e+00, 3.064e-01, 3.000e-01, 7.000e+00, 3.000e+00, 0.000e+00, 0.000e+00
5.400e-02, 2.602e+00, -3.109e-02, 0.000e+00, 3.068e-01, 3.000e-01, 7.000e+00, 3.000e+00, 0.000e+00, 0.000e+00
5.450e-02, 2.599e+00, -3.152e-02, 0.000e+00, 3.070e-01, 3.000e-01, 7.000e+00, 3.000e+00, 0.000e+00, 0.000e+00
5.500e-02, 2.596e+00, -3.119e-02, 0.000e+00, 3.068e-01, 3.000e-01, 7.000e+00, 3.000e+00, 0.000e+00, 0.000e+00
5.550e-02, 2.594e+00, -3.075e-02, 0.000e+00, 3.066e-01, 3.000e-01, 7.000e+00, 3.000e+00, 0.000e+00, 0.000e+00
5.600e-02, 2.592e+00, -2.961e-02, 0.000e+00, 3.061e-01, 3.000e-01, 7.000e+00, 3.000e+00, 0.000e+00, 0.000e+00
5.650e-02, 2.589e+00, -2.767e-02, 0.000e+00, 3.054e-01, 3.000e-01, 7.000e+00, 3.000e+00, 0.000e+00, 0.000e+00
5.700e-02, 2.586e+00, -2.519e-02, 0.000e+00, 3.044e-01, 3.000e-01, 7.000e+00, 3.000e+00, 0.000e+00, 0.000e+00
5.750e-02, 2.583e+00, -2.299e-02, 0.000e+00, 3.037e-01, 3.000e-01, 7.000e+00, 3.000e+00, 0.000e+00, 0.000e+00
5.800e-02, 2.581e+00, -1.994e-02, 0.000e+00, 3.028e-01, 3.000e-01, 7.000e+00, 3.000e+00, 0.000e+00, 0.000e+00
5.850e-02, 2.578e+00, -1.613e-02, 0.000e+00, 3.018e-01, 3.000e-01, 7.000e+00, 3.000e+00, 0.000e+00, 0.000e+00
5.900e-02, 2.575e+00, -1.278e-02, 0.000e+00, 3.011e-01, 3.000e-01, 7.000e+00, 3.000e+00, 0.000e+00, 0.000e+00
5.950e-02, 2.573e+00, -9.300e-03, 0.000e+00, 3.006e-01, 3.000e-01, 7.000e+00, 3.000e+00, 0.000e+00, 0.000e+00
6.000e-02, 2.570e+00, -5.295e-03, 0.000e+00, 3.002e-01, 3.000e-01, 7.000e+00, 3.000e+00, 0.000e+00, 0.000e+00
6.050e-02, 2.567e+00, -1.042e-03, 0.000e+00, 3.000e-01, 3.000e-01, 7.000e+00, 3.000e+00, 0.000e+00, 0.000e+00
6.100e-02, 2.565e+00, 2.517e-03, 0.000e+00, 3.000e-01, 3.000e-01, 7.000e+00, 3.000e+00, 0.000e+00, 0.000e+00
6.150e-02, 2.562e+00, 6.512e-03, 0.000e+00, 3.003e-01, 3.000e-01, 7.000e+00, 3.000e+00, 0.000e+00, 0.000e+00
6.200e-02, 2.560e+00, 9.459e-03, 0.000e+00, 3.006e-01, 3.000e-01, 7.000e+00, 3.000e+00, 0.000e+00, 0.000e+00
6.250e-02, 2.557e+00, 1.246e-02, 0.000e+00, 3.011e-01, 3.000e-01, 7.000e+00, 3.000e+00, 0.000e+00, 0.000e+00
6.300e-02, 2.554e+00, 1.571e-02, 0.000e+00, 3.017e-01, 3.000e-01, 7.000e+00, 3.000e+00, 0.000e+00, 0.000e+00
6.350e-02, 2.552e+00, 1.796e-02, 0.000e+00, 3.023e-01, 3.000e-01, 7.000e+00, 3.000e+00, 0.000e+00, 0.000e+00
6.400e-02, 2.550e+00, 2.040e-02, 0.000e+00, 3.029e-01, 3.000e-01, 7.000e+00, 3.000e+00, 0.000e+00, 0.000e+00
6.450e-02, 2.547e+00, 2.232e-02, 0.000e+00, 3.035e-01, 3.000e-01, 7.000e+00, 3.000e+00, 0.000e+00, 0.000e+00
6.500e-02, 2.544e+00, 2.402e-02, 0.000e+00, 3.040e-01, 3.000e-01, 7.000e+00, 3.000e+00, 0.000e+00, 0.000e+00
6.550e-02, 2.542e+00, 2.499e-02, 0.000e+00, 3.044e-01, 3.000e-01, 7.000e+00, 3.000e+00, 0.000e+00, 0.000e+00
6.600e-02, 2.539e+00, 2.555e-02, 0.000e+00, 3.046e-01, 3.000e-01, 7.000e+00, 3.000e+00, 0.000e+00, 0.000e+00
6.650e-02, 2.537e+00, 2.570e-02, 0.000e+00, 3.046e-01, 3.000e-01, 7.000e+00, 3.000e+00, 0.000e+00, 0.000e+00
6.700e-02, 2.533e+00, 2.519e-02, 0.000e+00, 3.044e-01, 3.000e-01, 7.000e+00, 3.000e+00, 0.000e+00, 0.000e+00
6.750e-02, 2.531e+00, 2.463e-02, 0.000e+00, 3.042e-01, 3.000e-01, 7.000e+00, 3.000e+00, 0.000e+00, 0.000e+00
6.800e-02, 2.529e+00, 2.363e-02, 0.000e+00, 3.039e-01, 3.000e-01, 7.000e+00, 3.000e+00, 0.000e+00, 0.000e+00
6.850e-02, 2.526e+00, 2.191e-02, 0.000e+00, 3.034e-01, 3.000e-01, 7.000e+00, 3.000e+00, 0.000e+00, 0.000e+00
6.900e-02, 2.524e+00, 2.047e-02, 0.000e+00, 3.029e-01, 3.000e-01, 7.000e+00, 3.000e+00, 0.000e+00, 0.000e+00
6.950e-02, 2.521e+00, 1.807e-02, 0.000e+00, 3.023e-01, 3.000e-01, 7.000e+00, 3.000e+00, 0.000e+00, 0.000e+00
7.000e-02, 2.519e+00, 1.563e-02, 0.000e+00, 3.017e-01, 3.000e-01, 7.000e+00, 3.000e+00, 0.000e+00, 0.000e+00
7.050e-02, 2.516e+00, 1.256e-02, 0.000e+00, 3.011e-01, 3.000e-01, 7.000e+00, 3.000e+00, 0.000e+00, 0.000e+00
7.100e-02, 2.514e+00, 9.864e-03, 0.000e+00, 3.007e-01, 3.000e-01, 7.000e+00, 3.000e+00, 0.000e+00, 0.000e+00
7.150e-02, 2.511e+00, 7.079e-03, 0.000e+00, 3.004e-01, 3.000e-01, 7.000e+00, 3.000e+00, 0.000e+00, 0.000e+00
7.200e-02, 2.509e+00, 4.582e-03, 0.000e+00, 3.001e-01, 3.000e-01, 7.000e+00, 3.000e+00, 0.000e+00, 0.000e+00
7.250e-02, 2.506e+00, 4.946e-04, 0.000e+00, 3.000e-01, 3.000e-01, 7.000e+00, 3.000e+00, 0.000e+00, 0.000e+00
7.300e-02, 2.504e+00, -2.426e-03, 0.000e+00, 3.000e-01, 3.000e-01, 7.000e+00, 3.000e+00, 0.000e+00, 0.000e+00
7.350e-02, 2.502e+00, -4.490e-03, 0.000e+00, 3.001e-01, 3.000e-01, 7.000e+00, 3.000e+00, 0.000e+00, 0.000e+00
7.400e-02, 2.499e+00, -7.211e-03, 0.000e+00, 3.004e-01, 3.000e-01, 7.000e+00, 3.000e+00, 0.000e+00, 0.000e+00
7.450e-02, 2.497e+00, -1.024e-02, 0.000e+00, 3.007e-01, 3.000e-01, 7.000e+00, 3.000e+00, 0.000e+00, 0.000e+00
7.500e-02, 2.494e+00, -1.283e-02, 0.000e+00, 3.012e-01, 3.000e-01, 7.000e+00, 3.000e+00, 0.000e+00, 0.000e+00
7.550e-02, 2.492e+00, -1.460e-02, 0.000e+00, 3.015e-01, 3.000e-01, 7.000e+00, 3.000e+00, 0.000e+00, 0.000e+00
7.600e-02, 2.489e+00, -1.656e-02, 0.000e+00, 3.019e-01, 3.000e-01, 7.000e+00, 3.000e+00, 0.000e+00, 0.000e+00
7.650e-02, 2.487e+00, -1.810e-02, 0.000e+00, 3.023e-01, 3.000e-01, 7.000e+00, 3.000e+00, 0.000e+00, 0.000e+00
7.700e-02, 2.484e+00, -1.951e-02, 0.000e+00, 3.027e-01, 3.000e-01, 7.000e+00, 3.000e+00, 0.000e+00, 0.000e+00
7.750e-02, 2.482e+00, -2.031e-02, 0.000e+00, 3.029e-01, 3.000e-01, 7.000e+00, 3.000e+00, 0.000e+00, 0.000e+00
7.800e-02, 2.479e+00, -2.079e-02, 0.000e+00, 3.030e-01, 3.000e-01, 7.000e+00, 3.000e+00, 0.000e+00, 0.000e+00
7.850e-02, 2.477e+00, -2.095e-02, 0.000e+00, 3.031e-01, 3.000e-01, 7.000e+00, 3.000e+00, 0.000e+00, 0.000e+00
7.900e-02, 2.475e+00, -2.084e-02, 0.000e+00, 3.030e-01, 3.000e-01, 7.000e+00, 3.000e+00, 0.000e+00, 0.000e+00
7.950e-02, 2.473e+00, -2.039e-02, 0.000e+00, 3.029e-01, 3.000e-01, 7.000e+00, 3.000e+00, 0.000e+00, 0.000e+00
8.000e-02, 2.470e+00, -1.949e-02, 0.000e+00, 3.027e-01, 3.000e-01, 7.000e+00, 3.000e+00, 0.000e+00, 0.000e+00
8.050e-02, 2.467e+00, -1.820e-02, 0.000e+00, 3.023e-01, 3.000e-01, 7.000e+00, 3.000e+00, 0.000e+00, 0.000e+00
8.100e-02, 2.465e+00, -1.713e-02, 0.000e+00, 3.021e-01, 3.000e-01, 7.000e+00, 3.000e+00, 0.000e+00, 0.000e+00
8.150e-02, 2.463e+00, -1.529e-02, 0.000e+00, 3.016e-01, 3.000e-01, 7.000e+00, 3.000e+00, 0.000e+00, 0.000e+00
8.200e-02, 2.460e+00, -1.338e-02, 0.000e+00, 3.013e-01, 3.000e-01, 7.000e+00, 3.000e+00, 0.000e+00, 0.000e+00
8.250e-02, 2.458e+00, -1.165e-02, 0.000e+00, 3.010e-01, 3.000e-01, 7.000e+00, 3.000e+00, 0.000e+00, 0.000e+00
8.300e-02, 2.455e+00, -8.851e-03, 0.000e+00, 3.005e-01, 3.000e-01, 7.000e+00, 3.000e+00, 0.000e+00, 0.000e+00
8.350e-02, 2.453e+00, -6.655e-03, 0.000e+00, 3.003e-01, 3.000e-01, 7.000e+00, 3.000e+00, 0.000e+00, 0.000e+00
8.400e-02, 2.451e+00, -4.653e-03, 0.000e+00, 3.002e-01, 3.000e-01, 7.000e+00, 3.000e+00, 0.000e+00, 0.000e+00
8.450e-02, 2.449e+00, -2.324e-03, 0.000e+00, 3.000e-01, 3.000e-01, 7.000e+00, 3.000e+00, 0.000e+00, 0.000e+00
8.500e-02, 2.445e+00, 1.015e-03, 0.000e+00, 3.000e-01, 3.000e-01, 7.000e+00, 3.000e+00, 0.000e+00, 0.000e+00
8.550e-02, 2.443e+00, 3.052e-03, 0.000e+00, 3.001e-01, 3.000e-01, 7.000e+00, 3.000e+00, 0.000e+00, 0.000e+00
8.600e-02, 2.441e+00, 5.120e-03, 0.000e+00, 3.002e-01, 3.000e-01, 7.000e+00, 3.000e+00, 0.000e+00, 0.000e+00
8.650e-02, 2.439e+00, 7.056e-03, 0.000e+00, 3.003e-01, 3.000e-01, 7.000e+00, 3.000e+00, 0.000e+00, 0.000e+00
8.700e-02, 2.436e+00, 9.323e-03, 0.000e+00, 3.006e-01, 3.000e-01, 7.000e+00, 3.000e+00, 0.000e+00, 0.000e+00
8.750e-02, 2.435e+00, 1.074e-02, 0.000e+00, 3.008e-01, 3.000e-01, 7.000e+00, 3.000e+00, 0.000e+00, 0.000e+00
8.800e-02, 2.432e+00, 1.257e-02, 0.000e+00, 3.011e-01, 3.000e-01, 7.000e+00, 3.000e+00, 0.000e+00, 0.000e+00
8.850e-02, 2.429e+00, 1.401e-02, 0.000e+00, 3.014e-01, 3.000e-01, 7.000e+00, 3.000e+00, 0.000e+00, 0.000e+00
8.900e-02, 2.427e+00, 1.514e-02, 0.000e+00, 3.016e-01, 3.000e-01, 7.000e+00, 3.000e+00, 0.000e+00, 0.000e+00
8.950e-02, 2.425e+00, 1.591e-02, 0.000e+00, 3.018e-01, 3.000e-01, 7.000e+00, 3.000e+00, 0.000e+00, 0.000e+00
9.000e-02, 2.422e+00, 1.671e-02, 0.000e+00, 3.020e-01, 3.000e-01, 7.000e+00, 3.000e+00, 0.000e+00, 0.000e+00
9.050e-02, 2.420e+00, 1.702e-02, 0.000e+00, 3.020e-01, 3.000e-01, 7.000e+00, 3.000e+00, 0.000e+00, 0.000e+00
9.100e-02, 2.418e+00, 1.709e-02, 0.000e+00, 3.020e-01, 3.000e-01, 7.000e+00, 3.000e+00, 0.000e+00, 0.000e+00
9.150e-02, 2.416e+00, 1.693e-02, 0.000e+00, 3.020e-01, 3.000e-01, 7.000e+00, 3.000e+00, 0.000e+00, 0.000e+00
9.200e-02, 2.413e+00, 1.647e-02, 0.000e+00, 3.019e-01, 3.000e-01, 7.000e+00, 3.000e+00, 0.000e+00, 0.000e+00
9.250e-02, 2.411e+00, 1.569e-02, 0.000e+00, 3.017e-01, 3.000e-01, 7.000e+00, 3.000e+00, 0.000e+00, 0.000e+00
9.300e-02, 2.409e+00, 1.495e-02, 0.000e+00, 3.016e-01, 3.000e-01, 7.000e+00, 3.000e+00, 0.000e+00, 0.000e+00
9.350e-02, 2.407e+00, 1.377e-02, 0.000e+00, 3.013e-01, 3.000e-01, 7.000e+00, 3.000e+00, 0.000e+00, 0.000e+00
9.400e-02, 2.404e+00, 1.228e-02, 0.000e+00, 3.011e-01, 3.000e-01, 7.000e+00, 3.000e+00, 0.000e+00, 0.000e+00
9.450e-02, 2.402e+00, 1.076e-02, 0.000e+00, 3.008e-01, 3.000e-01, 7.000e+00, 3.000e+00, 0.000e+00, 0.000e+00
9.500e-02, 2.400e+00, 9.393e-03, 0.000e+00, 3.006e-01, 3.000e-01, 7.000e+00, 3.000e+00, 0.000e+00, 0.000e+00
9.550e-02, 2.398e+00, 7.724e-03, 0.000e+00, 3.004e-01, 3.000e-01, 7.000e+00, 3.000e+00, 0.000e+00, 0.000e+00
9.600e-02, 2.395e+00, 5.384e-03, 0.000e+00, 3.002e-01, 3.000e-01, 7.000e+00, 3.000e+00, 0.000e+00, 0.000e+00
9.650e-02, 2.393e+00, 3.600e-03, 0.000e+00, 3.001e-01, 3.000e-01, 7.000e+00, 3.000e+00, 0.000e+00, 0.000e+00
9.700e-02, 2.391e+00, 1.933e-03, 0.000e+00, 3.000e-01, 3.000e-01, 7.000e+00, 3.000e+00, 0.000e+00, 0.000e+00
9.750e-02, 2.388e+00, -8.229e-04, 0.000e+00, 3.000e-01, 3.000e-01, 7.000e+00, 3.000e+00, 0.000e+00, 0.000e+00
9.800e-02, 2.385e+00, -2.528e-03, 0.000e+00, 3.000e-01, 3.000e-01, 7.000e+00, 3.000e+00, 0.000e+00, 0.000e+00
9.850e-02, 2.384e+00, -3.529e-03, 0.000e+00, 3.001e-01, 3.000e-01, 7.000e+00, 3.000e+00, 0.000e+00, 0.000e+00
9.900e-02, 2.382e+00, -5.523e-03, 0.000e+00, 3.002e-01, 3.000e-01, 7.000e+00, 3.000e+00, 0.000e+00, 0.000e+00
9.950e-02, 2.379e+00, -7.353e-03, 0.000e+00, 3.004e-01, 3.000e-01, 7.000e+00, 3.000e+00, 0.000e+00, 0.000e+00
1.000e-01, 2.377e+00, -8.491e-03, 0.000e+00, 3.005e-01, 3.000e-01, 7.000e+00, 3.000e+00, 0.000e+00, 0.000e+00
1.005e-01, 2.375e+00, -9.987e-03, 0.000e+00, 3.007e-01, 3.000e-01, 7.000e+00, 3.000e+00, 0.000e+00, 0.000e+00
1.010e-01, 2.373e+00, -1.119e-02, 0.000e+00, 3.009e-01, 3.000e-01, 7.000e+00, 3.000e+00, 0.000e+00, 0.000e+00
1.015e-01, 2.370e+00, -1.214e-02, 0.000e+00, 3.010e-01, 3.000e-01, 7.000e+00, 3.000e+00, 0.000e+00, 0.000e+00
1.020e-01, 2.368e+00, -1.289e-02, 0.000e+00, 3.012e-01, 3.000e-01, 7.000e+00, 3.000e+00, 0.000e+00, 0.000e+00
1.025e-01, 2.366e+00, -1.337e-02, 0.000e+00, 3.013e-01, 3.000e-01, 7.000e+00, 3.000e+00, 0.000e+00, 0.000e+00
1.030e-01, 2.364e+00, -1.374e-02, 0.000e+00, 3.013e-01, 3.000e-01, 7.000e+00, 3.000e+00, 0.000e+00, 0.000e+00
1.035e-01, 2.361e+00, -1.392e-02, 0.000e+00, 3.014e-01, 3.000e-01, 7.000e+00, 3.000e+00, 0.000e+00, 0.000e+00
1.040e-01, 2.360e+00, -1.386e-02, 0.000e+00, 3.013e-01, 3.000e-01, 7.000e+00, 3.000e+00, 0.000e+00, 0.000e+00
1.045e-01, 2.357e+00, -1.358e-02, 0.000e+00, 3.013e-01, 3.000e-01, 7.000e+00, 3.000e+00, 0.000e+00, 0.000e+00
1.050e-01, 2.355e+00, -1.305e-02, 0.000e+00, 3.012e-01, 3.000e-01, 7.000e+00, 3.000e+00, 0.000e+00, 0.000e+00
1.055e-01, 2.353e+00, -1.252e-02, 0.000e+00, 3.011e-01, 3.000e-01, 7.000e+00, 3.000e+00, 0.000e+00, 0.000e+00
1.060e-01, 2.351e+00, -1.166e-02, 0.000e+00, 3.010e-01, 3.000e-01, 7.000e+00, 3.000e+00, 0.000e+00, 0.000e+00
1.065e-01, 2.348e+00, -1.055e-02, 0.000e+00, 3.008e-01, 3.000e-01, 7.000e+00, 3.000e+00, 0.000e+00, 0.000e+00
1.070e-01, 2.346e+00, -9.374e-03, 0.000e+00, 3.006e-01, 3.000e-01, 7.000e+00, 3.000e+00, 0.000e+00, 0.000e+00
1.075e-01, 2.344e+00, -8.325e-03, 0.000e+00, 3.005e-01, 3.000e-01, 7.000e+00, 3.000e+00, 0.000e+00, 0.000e+00
1.080e-01, 2.342e+00, -7.038e-03, 0.000e+00, 3.003e-01, 3.000e-01, 7.000e+00, 3.000e+00, 0.000e+00, 0.000e+00
1.085e-01, 2.340e+00, -5.678e-03, 0.000e+00, 3.002e-01, 3.000e-01, 7.000e+00, 3.000e+00, 0.000e+00, 0.000e+00
1.090e-01, 2.337e+00, -3.780e-03, 0.000e+00, 3.001e-01, 3.000e-01, 7.000e+00, 3.000e+00, 0.000e+00, 0.000e+00
1.095e-01, 2.336e+00, -2.524e-03, 0.000e+00, 3.000e-01, 3.000e-01, 7.000e+00, 3.000e+00, 0.000e+00, 0.000e+00
1.100e-01, 2.334e+00, -1.033e-03, 0.000e+00, 3.000e-01, 3.000e-01, 7.000e+00, 3.000e+00, 0.000e+00, 0.000e+00
1.105e-01, 2.331e+00, 1.164e-03, 0.000e+00, 3.000e-01, 3.000e-01, 7.000e+00, 3.000e+00, 0.000e+00, 0.000e+00
1.110e-01, 2.329e+00, 2.051e-03, 0.000e+00, 3.000e-01, 3.000e-01, 7.000e+00, 3.000e+00, 0.000e+00, 0.000e+00
1.115e-01, 2.327e+00, 3.396e-03, 0.000e+00, 3.001e-01, 3.000e-01, 7.000e+00, 3.000e+00, 0.000e+00, 0.000e+00
1.120e-01, 2.325e+00, 4.929e-03, 0.000e+00, 3.002e-01, 3.000e-01, 7.000e+00, 3.000e+00, 0.000e+00, 0.000e+00
1.125e-01, 2.323e+00, 5.957e-03, 0.000e+00, 3.002e-01, 3.000e-01, 7.000e+00, 3.000e+00, 0.000e+00, 0.000e+00
1.130e-01, 2.321e+00, 7.197e-03, 0.000e+00, 3.004e-01, 3.000e-01, 7.000e+00, 3.000e+00, 0.000e+00, 0.000e+00
1.135e-01, 2.318e+00, 8.354e-03, 0.000e+00, 3.005e-01, 3.000e-01, 7.000e+00, 3.000e+00, 0.000e+00, 0.000e+00
1.140e-01, 2.316e+00, 9.278e-03, 0.000e+00, 3.006e-01, 3.000e-01, 7.000e+00, 3.000e+00, 0.000e+00, 0.000e+00
1.145e-01, 2.314e+00, 1.001e-02, 0.000e+00, 3.007e-01, 3.000e-01, 7.000e+00, 3.000e+00, 0.000e+00, 0.000e+00
1.150e-01, 2.312e+00, 1.058e-02, 0.000e+00, 3.008e-01, 3.000e-01, 7.000e+00, 3.000e+00, 0.000e+00, 0.000e+00
1.155e-01, 2.310e+00, 1.095e-02, 0.000e+00, 3.008e-01, 3.000e-01, 7.000e+00, 3.000e+00, 0.000e+00, 0.000e+00
1.160e-01, 2.308e+00, 1.122e-02, 0.000e+00, 3.009e-01, 3.000e-01, 7.000e+00, 3.000e+00, 0.000e+00, 0.000e+00
1.165e-01, 2.306e+00, 1.135e-02, 0.000e+00, 3.009e-01, 3.000e-01, 7.000e+00, 3.000e+00, 0.000e+00, 0.000e+00
1.170e-01, 2.304e+00, 1.130e-02, 0.000e+00, 3.009e-01, 3.000e-01, 7.000e+00, 3.000e+00, 0.000e+00, 0.000e+00
1.175e-01, 2.302e+00, 1.105e-02, 0.000e+00, 3.009e-01, 3.000e-01, 7.000e+00, 3.000e+00, 0.000e+00, 0.000e+00
1.180e-01, 2.300e+00, 1.078e-02, 0.000e+00, 3.008e-01, 3.000e-01, 7.000e+00, 3.000e+00, 0.000e+00, 0.000e+00
1.185e-01, 2.298e+00, 1.021e-02, 0.000e+00, 3.007e-01, 3.000e-01, 7.000e+00, 3.000e+00, 0.000e+00, 0.000e+00
1.190e-01, 2.296e+00, 9.534e-03, 0.000e+00, 3.006e-01, 3.000e-01, 7.000e+00, 3.000e+00, 0.000e+00, 0.000e+00
1.195e-01, 2.293e+00, 8.656e-03, 0.000e+00, 3.005e-01, 3.000e-01, 7.000e+00, 3.000e+00, 0.000e+00, 0.000e+00
1.200e-01, 2.291e+00, 7.737e-03, 0.000e+00, 3.004e-01, 3.000e-01, 7.000e+00, 3.000e+00, 0.000e+00, 0.000e+00
1.205e-01, 2.289e+00, 6.920e-03, 0.000e+00, 3.003e-01, 3.000e-01, 7.000e+00, 3.000e+00, 0.000e+00, 0.000e+00
1.210e-01, 2.287e+00, 5.905e-03, 0.000e+00, 3.002e-01, 3.000e-01, 7.000e+00, 3.000e+00, 0.000e+00, 0.000e+00
1.215e-01, 2.285e+00, 4.831e-03, 0.000e+00, 3.002e-01, 3.000e-01, 7.000e+00, 3.000e+00, 0.000e+00, 0.000e+00
1.220e-01, 2.283e+00, 3.713e-03, 0.000e+00, 3.001e-01, 3.000e-01, 7.000e+00, 3.000e+00, 0.000e+00, 0.000e+00
1.225e-01, 2.281e+00, 2.305e-03, 0.000e+00, 3.000e-01, 3.000e-01, 7.000e+00, 3.000e+00, 0.000e+00, 0.000e+00
1.230e-01, 2.279e+00, 1.268e-03, 0.000e+00, 3.000e-01, 3.000e-01, 7.000e+00, 3.000e+00, 0.000e+00, 0.000e+00
1.235e-01, 2.277e+00, 4.280e-05, 0.000e+00, 3.000e-01, 3.000e-01, 7.000e+00, 3.000e+00, 0.000e+00, 0.000e+00
1.240e-01, 2.275e+00, -1.271e-03, 0.000e+00, 3.000e-01, 3.000e-01, 7.000e+00, 3.000e+00, 0.000e+00, 0.000e+00
1.245e-01, 2.273e+00, -2.362e-03, 0.000e+00, 3.000e-01, 3.000e-01, 7.000e+00, 3.000e+00, 0.000e+00, 0.000e+00
1.250e-01, 2.271e+00, -3.611e-03, 0.000e+00, 3.001e-01, 3.000e-01, 7.000e+00, 3.000e+00, 0.000e+00, 0.000e+00
1.255e-01, 2.269e+00, -4.457e-03, 0.000e+00, 3.001e-01, 3.000e-01, 7.000e+00, 3.000e+00, 0.000e+00, 0.000e+00
1.260e-01, 2.267e+00, -5.481e-03, 0.000e+00, 3.002e-01, 3.000e-01, 7.000e+00, 3.000e+00, 0.000e+00, 0.000e+00
1.265e-01, 2.265e+00, -6.454e-03, 0.000e+00, 3.003e-01, 3.000e-01, 7.000e+00, 3.000e+00, 0.000e+00, 0.000e+00
1.270e-01, 2.263e+00, -7.249e-03, 0.000e+00, 3.004e-01, 3.000e-01, 7.000e+00, 3.000e+00, 0.000e+00, 0.000e+00
1.275e-01, 2.261e+00, -7.898e-03, 0.000e+00, 3.004e-01, 3.000e-01, 7.000e+00, 3.000e+00, 0.000e+00, 0.000e+00
1.280e-01, 2.259e+00, -8.411e-03, 0.000e+00, 3.005e-01, 3.000e-01, 7.000e+00, 3.000e+00, 0.000e+00, 0.000e+00
1.285e-01, 2.257e+00, -8.805e-03, 0.000e+00, 3.005e-01, 3.000e-01, 7.000e+00, 3.000e+00, 0.000e+00, 0.000e+00
1.290e-01, 2.255e+00, -9.043e-03, 0.000e+00, 3.006e-01, 3.000e-01, 7.000e+00, 3.000e+00, 0.000e+00, 0.000e+00
1.295e-01, 2.253e+00, -9.206e-03, 0.000e+00, 3.006e-01, 3.000e-01, 7.000e+00, 3.000e+00, 0.000e+00, 0.000e+00
1.300e-01, 2.251e+00, -9.249e-03, 0.000e+00, 3.006e-01, 3.000e-01, 7.000e+00, 3.000e+00, 0.000e+00, 0.000e+00
1.305e-01, 2.249e+00, -9.175e-03, 0.000e+00, 3.006e-01, 3.000e-01, 7.000e+00, 3.000e+00, 0.000e+00, 0.000e+00
1.310e-01, 2.247e+00, -8.971e-03, 0.000e+00, 3.006e-01, 3.000e-01, 7.000e+00, 3.000e+00, 0.000e+00, 0.000e+00
1.315e-01, 2.245e+00, -8.625e-03, 0.000e+00, 3.005e-01, 3.000e-01, 7.000e+00, 3.000e+00, 0.000e+00, 0.000e+00
1.320e-01, 2.243e+00, -8.135e-03, 0.000e+00, 3.005e-01, 3.000e-01, 7.000e+00, 3.000e+00, 0.000e+00, 0.000e+00
1.325e-01, 2.241e+00, -7.558e-03, 0.000e+00, 3.004e-01, 3.000e-01, 7.000e+00, 3.000e+00, 0.000e+00, 0.000e+00
1.330e-01, 2.239e+00, -6.826e-03, 0.000e+00, 3.003e-01, 3.000e-01, 7.000e+00, 3.000e+00, 0.000e+00, 0.000e+00
1.335e-01, 2.237e+00, -6.090e-03, 0.000e+00, 3.003e-01, 3.000e-01, 7.000e+00, 3.000e+00, 0.000e+00, 0.000e+00
1.340e-01, 2.235e+00, -5.440e-03, 0.000e+00, 3.002e-01, 3.000e-01, 7.000e+00, 3.000e+00, 0.000e+00, 0.000e+00
1.345e-01, 2.233e+00, -4.621e-03, 0.000e+00, 3.001e-01, 3.000e-01, 7.000e+00, 3.000e+00, 0.000e+00, 0.000e+00
1.350e-01, 2.231e+00, -3.756e-03, 0.000e+00, 3.001e-01, 3.000e-01, 7.000e+00, 3.000e+00, 0.000e+00, 0.000e+00
1.355e-01, 2.229e+00, -2.860e-03, 0.000e+00, 3.001e-01, 3.000e-01, 7.000e+00, 3.000e+00, 0.000e+00, 0.000e+00
1.360e-01, 2.227e+00, -1.729e-03, 0.000e+00, 3.000e-01, 3.000e-01, 7.000e+00, 3.000e+00, 0.000e+00, 0.000e+00
1.365e-01, 2.225e+00, -9.028e-04, 0.000e+00, 3.000e-01, 3.000e-01, 7.000e+00, 3.000e+00, 0.000e+00, 0.000e+00
1.370e-01, 2.224e+00, -3.836e-05, 0.000e+00, 3.000e-01, 3.000e-01, 7.000e+00, 3.000e+00, 0.000e+00, 0.000e+00
1.375e-01, 2.222e+00, 9.428e-04, 0.000e+00, 3.000e-01, 3.000e-01, 7.000e+00, 3.000e+00, 0.000e+00, 0.000e+00
1.380e-01, 2.219e+00, 2.009e-03, 0.000e+00, 3.000e-01, 3.000e-01, 7.000e+00, 3.000e+00, 0.000e+00, 0.000e+00
1.385e-01, 2.217e+00, 2.991e-03, 0.000e+00, 3.001e-01, 3.000e-01, 7.000e+00, 3.000e+00, 0.000e+00, 0.000e+00
1.390e-01, 2.216e+00, 3.647e-03, 0.000e+00, 3.001e-01, 3.000e-01, 7.000e+00, 3.000e+00, 0.000e+00, 0.000e+00
1.395e-01, 2.214e+00, 4.461e-03, 0.000e+00, 3.001e-01, 3.000e-01, 7.000e+00, 3.000e+00, 0.000e+00, 0.000e+00
1.400e-01, 2.211e+00, 5.238e-03, 0.000e+00, 3.002e-01, 3.000e-01, 7.000e+00, 3.000e+00, 0.000e+00, 0.000e+00
1.405e-01, 2.209e+00, 5.875e-03, 0.000e+00, 3.002e-01, 3.000e-01, 7.000e+00, 3.000e+00, 0.000e+00, 0.000e+00
1.410e-01, 2.207e+00, 6.405e-03, 0.000e+00, 3.003e-01, 3.000e-01, 7.000e+00, 3.000e+00, 0.000e+00, 0.000e+00
1.415e-01, 2.206e+00, 6.824e-03, 0.000e+00, 3.003e-01, 3.000e-01, 7.000e+00, 3.000e+00, 0.000e+00, 0.000e+00
1.420e-01, 2.204e+00, 7.148e-03, 0.000e+00, 3.004e-01, 3.000e-01, 7.000e+00, 3.000e+00, 0.000e+00, 0.000e+00
1.425e-01, 2.202e+00, 7.378e-03, 0.000e+00, 3.004e-01, 3.000e-01, 7.000e+00, 3.000e+00, 0.000e+00, 0.000e+00
1.430e-01, 2.200e+00, 7.496e-03, 0.000e+00, 3.004e-01, 3.000e-01, 7.000e+00, 3.000e+00, 0.000e+00, 0.000e+00
1.435e-01, 2.198e+00, 7.547e-03, 0.000e+00, 3.004e-01, 3.000e-01, 7.000e+00, 3.000e+00, 0.000e+00, 0.000e+00
1.440e-01, 2.197e+00, 7.506e-03, 0.000e+00, 3.004e-01, 3.000e-01, 7.000e+00, 3.000e+00, 0.000e+00, 0.000e+00
1.445e-01, 2.195e+00, 7.366e-03, 0.000e+00, 3.004e-01, 3.000e-01, 7.000e+00, 3.000e+00, 0.000e+00, 0.000e+00
1.450e-01, 2.193e+00, 7.116e-03, 0.000e+00, 3.004e-01, 3.000e-01, 7.000e+00, 3.000e+00, 0.000e+00, 0.000e+00
1.455e-01, 2.191e+00, 6.751e-03, 0.000e+00, 3.003e-01, 3.000e-01, 7.000e+00, 3.000e+00, 0.000e+00, 0.000e+00
1.460e-01, 2.189e+00, 6.312e-03, 0.000e+00, 3.003e-01, 3.000e-01, 7.000e+00, 3.000e+00, 0.000e+00, 0.000e+00
1.465e-01, 2.186e+00, 5.753e-03, 0.000e+00, 3.002e-01, 3.000e-01, 7.000e+00, 3.000e+00, 0.000e+00, 0.000e+00
1.470e-01, 2.185e+00, 5.186e-03, 0.000e+00, 3.002e-01, 3.000e-01, 7.000e+00, 3.000e+00, 0.000e+00, 0.000e+00
1.475e-01, 2.183e+00, 4.689e-03, 0.000e+00, 3.002e-01, 3.000e-01, 7.000e+00, 3.000e+00, 0.000e+00, 0.000e+00
1.480e-01, 2.181e+00, 4.053e-03, 0.000e+00, 3.001e-01, 3.000e-01, 7.000e+00, 3.000e+00, 0.000e+00, 0.000e+00
1.485e-01, 2.179e+00, 3.378e-03, 0.000e+00, 3.001e-01, 3.000e-01, 7.000e+00, 3.000e+00, 0.000e+00, 0.000e+00
1.490e-01, 2.178e+00, 2.674e-03, 0.000e+00, 3.001e-01, 3.000e-01, 7.000e+00, 3.000e+00, 0.000e+00, 0.000e+00
1.495e-01, 2.176e+00, 1.951e-03, 0.000e+00, 3.000e-01, 3.000e-01, 7.000e+00, 3.000e+00, 0.000e+00, 0.000e+00
1.500e-01, 2.174e+00, 1.045e-03, 0.000e+00, 3.000e-01, 3.000e-01, 7.000e+00, 3.000e+00, 0.000e+00, 0.000e+00
1.505e-01, 2.172e+00, 4.894e-04, 0.000e+00, 3.000e-01, 3.000e-01, 7.000e+00, 3.000e+00, 0.000e+00, 0.000e+00
1.510e-01, 2.171e+00, -2.754e-04, 0.000e+00, 3.000e-01, 3.000e-01, 7.000e+00, 3.000e+00, 0.000e+00, 0.000e+00
1.515e-01, 2.168e+00, -1.162e-03, 0.000e+00, 3.000e-01, 3.000e-01, 7.000e+00, 3.000e+00, 0.000e+00, 0.000e+00
1.520e-01, 2.166e+00, -1.972e-03, 0.000e+00, 3.000e-01, 3.000e-01, 7.000e+00, 3.000e+00, 0.000e+00, 0.000e+00
1.525e-01, 2.165e+00, -2.524e-03, 0.000e+00, 3.000e-01, 3.000e-01, 7.000e+00, 3.000e+00, 0.000e+00, 0.000e+00
1.530e-01, 2.163e+00, -3.206e-03, 0.000e+00, 3.001e-01, 3.000e-01, 7.000e+00, 3.000e+00, 0.000e+00, 0.000e+00
1.535e-01, 2.161e+00, -3.832e-03, 0.000e+00, 3.001e-01, 3.000e-01, 7.000e+00, 3.000e+00, 0.000e+00, 0.000e+00
1.540e-01, 2.159e+00, -4.427e-03, 0.000e+00, 3.001e-01, 3.000e-01, 7.000e+00, 3.000e+00, 0.000e+00, 0.000e+00
1.545e-01, 2.157e+00, -4.913e-03, 0.000e+00, 3.002e-01, 3.000e-01, 7.000e+00, 3.000e+00, 0.000e+00, 0.000e+00
1.550e-01, 2.154e+00, -5.458e-03, 0.000e+00, 3.002e-01, 3.000e-01, 7.000e+00, 3.000e+00, 0.000e+00, 0.000e+00
1.555e-01, 2.152e+00, -5.740e-03, 0.000e+00, 3.002e-01, 3.000e-01, 7.000e+00, 3.000e+00, 0.000e+00, 0.000e+00
1.560e-01, 2.151e+00, -5.868e-03, 0.000e+00, 3.002e-01, 3.000e-01, 7.000e+00, 3.000e+00, 0.000e+00, 0.000e+00
1.565e-01, 2.150e+00, -6.034e-03, 0.000e+00, 3.003e-01, 3.000e-01, 7.000e+00, 3.000e+00, 0.000e+00, 0.000e+00
1.570e-01, 2.148e+00, -6.121e-03, 0.000e+00, 3.003e-01, 3.000e-01, 7.000e+00, 3.000e+00, 0.000e+00, 0.000e+00
1.575e-01, 2.146e+00, -6.144e-03, 0.000e+00, 3.003e-01, 3.000e-01, 7.000e+00, 3.000e+00, 0.000e+00, 0.000e+00
1.580e-01, 2.145e+00, -6.098e-03, 0.000e+00, 3.003e-01, 3.000e-01, 7.000e+00, 3.000e+00, 0.000e+00, 0.000e+00
1.585e-01, 2.143e+00, -5.976e-03, 0.000e+00, 3.002e-01, 3.000e-01, 7.000e+00, 3.000e+00, 0.000e+00, 0.000e+00
1.590e-01, 2.141e+00, -5.757e-03, 0.000e+00, 3.002e-01, 3.000e-01, 7.000e+00, 3.000e+00, 0.000e+00, 0.000e+00
1.595e-01, 2.139e+00, -5.475e-03, 0.000e+00, 3.002e-01, 3.000e-01, 7.000e+00, 3.000e+00, 0.000e+00, 0.000e+00
1.600e-01, 2.138e+00, -5.270e-03, 0.000e+00, 3.002e-01, 3.000e-01, 7.000e+00, 3.000e+00, 0.000e+00, 0.000e+00
1.605e-01, 2.136e+00, -4.882e-03, 0.000e+00, 3.002e-01, 3.000e-01, 7.000e+00, 3.000e+00, 0.000e+00, 0.000e+00
1.610e-01, 2.134e+00, -4.460e-03, 0.000e+00, 3.001e-01, 3.000e-01, 7.000e+00, 3.000e+00, 0.000e+00, 0.000e+00
1.615e-01, 2.132e+00, -3.836e-03, 0.000e+00, 3.001e-01, 3.000e-01, 7.000e+00, 3.000e+00, 0.000e+00, 0.000e+00
1.620e-01, 2.130e+00, -3.332e-03, 0.000e+00, 3.001e-01, 3.000e-01, 7.000e+00, 3.000e+00, 0.000e+00, 0.000e+00
1.625e-01, 2.128e+00, -2.797e-03, 0.000e+00, 3.001e-01, 3.000e-01, 7.000e+00, 3.000e+00, 0.000e+00, 0.000e+00
1.630e-01, 2.127e+00, -2.238e-03, 0.000e+00, 3.000e-01, 3.000e-01, 7.000e+00, 3.000e+00, 0.000e+00, 0.000e+00
1.635e-01, 2.125e+00, -1.662e-03, 0.000e+00, 3.000e-01, 3.000e-01, 7.000e+00, 3.000e+00, 0.000e+00, 0.000e+00
1.640e-01, 2.123e+00, -1.118e-03, 0.000e+00, 3.000e-01, 3.000e-01, 7.000e+00, 3.000e+00, 0.000e+00, 0.000e+00
1.645e-01, 2.122e+00, -4.935e-04, 0.000e+00, 3.000e-01, 3.000e-01, 7.000e+00, 3.000e+00, 0.000e+00, 0.000e+00
1.650e-01, 2.120e+00, 1.437e-04, 0.000e+00, 3.000e-01, 3.000e-01, 7.000e+00, 3.000e+00, 0.000e+00, 0.000e+00
1.655e-01, 2.118e+00, 8.226e-04, 0.000e+00, 3.000e-01, 3.000e-01, 7.000e+00, 3.000e+00, 0.000e+00, 0.000e+00
1.660e-01, 2.116e+00, 1.271e-03, 0.000e+00, 3.000e-01, 3.000e-01, 7.000e+00, 3.000e+00, 0.000e+00, 0.000e+00
1.665e-01, 2.114e+00, 1.875e-03, 0.000e+00, 3.000e-01, 3.000e-01, 7.000e+00, 3.000e+00, 0.000e+00, 0.000e+00
1.670e-01, 2.112e+00, 2.460e-03, 0.000e+00, 3.000e-01, 3.000e-01, 7.000e+00, 3.000e+00, 0.000e+00, 0.000e+00
1.675e-01, 2.111e+00, 2.971e-03, 0.000e+00, 3.001e-01, 3.000e-01, 7.000e+00, 3.000e+00, 0.000e+00, 0.000e+00
1.680e-01, 2.109e+00, 3.465e-03, 0.000e+00, 3.001e-01, 3.000e-01, 7.000e+00, 3.000e+00, 0.000e+00, 0.000e+00
1.685e-01, 2.107e+00, 3.871e-03, 0.000e+00, 3.001e-01, 3.000e-01, 7.000e+00, 3.000e+00, 0.000e+00, 0.000e+00
1.690e-01, 2.106e+00, 4.074e-03, 0.000e+00, 3.001e-01, 3.000e-01, 7.000e+00, 3.000e+00, 0.000e+00, 0.000e+00
1.695e-01, 2.104e+00, 4.375e-03, 0.000e+00, 3.001e-01, 3.000e-01, 7.000e+00, 3.000e+00, 0.000e+00, 0.000e+00
1.700e-01, 2.102e+00, 4.622e-03, 0.000e+00, 3.001e-01, 3.000e-01, 7.000e+00, 3.000e+00, 0.000e+00, 0.000e+00
1.705e-01, 2.101e+00, 4.802e-03, 0.000e+00, 3.002e-01, 3.000e-01, 7.000e+00, 3.000e+00, 0.000e+00, 0.000e+00
1.710e-01, 2.098e+00, 4.973e-03, 0.000e+00, 3.002e-01, 3.000e-01, 7.000e+00, 3.000e+00, 0.000e+00, 0.000e+00
1.715e-01, 2.097e+00, 5.013e-03, 0.000e+00, 3.002e-01, 3.000e-01, 7.000e+00, 3.000e+00, 0.000e+00, 0.000e+00
1.720e-01, 2.095e+00, 5.002e-03, 0.000e+00, 3.002e-01, 3.000e-01, 7.000e+00, 3.000e+00, 0.000e+00, 0.000e+00
1.725e-01, 2.093e+00, 4.933e-03, 0.000e+00, 3.002e-01, 3.000e-01, 7.000e+00, 3.000e+00, 0.000e+00, 0.000e+00
1.730e-01, 2.091e+00, 4.802e-03, 0.000e+00, 3.002e-01, 3.000e-01, 7.000e+00, 3.000e+00, 0.000e+00, 0.000e+00
1.735e-01, 2.090e+00, 4.695e-03, 0.000e+00, 3.002e-01, 3.000e-01, 7.000e+00, 3.000e+00, 0.000e+00, 0.000e+00
1.740e-01, 2.088e+00, 4.472e-03, 0.000e+00, 3.001e-01, 3.000e-01, 7.000e+00, 3.000e+00, 0.000e+00, 0.000e+00
1.745e-01, 2.087e+00, 4.196e-03, 0.000e+00, 3.001e-01, 3.000e-01, 7.000e+00, 3.000e+00, 0.000e+00, 0.000e+00
1.750e-01, 2.085e+00, 3.859e-03, 0.000e+00, 3.001e-01, 3.000e-01, 7.000e+00, 3.000e+00, 0.000e+00, 0.000e+00
1.755e-01, 2.083e+00, 3.401e-03, 0.000e+00, 3.001e-01, 3.000e-01, 7.000e+00, 3.000e+00, 0.000e+00, 0.000e+00
1.760e-01, 2.081e+00, 3.020e-03, 0.000e+00, 3.001e-01, 3.000e-01, 7.000e+00, 3.000e+00, 0.000e+00, 0.000e+00
1.765e-01, 2.079e+00, 2.611e-03, 0.000e+00, 3.000e-01, 3.000e-01, 7.000e+00, 3.000e+00, 0.000e+00, 0.000e+00
1.770e-01, 2.078e+00, 2.180e-03, 0.000e+00, 3.000e-01, 3.000e-01, 7.000e+00, 3.000e+00, 0.000e+00, 0.000e+00
1.775e-01, 2.076e+00, 1.731e-03, 0.000e+00, 3.000e-01, 3.000e-01, 7.000e+00, 3.000e+00, 0.000e+00, 0.000e+00
1.780e-01, 2.075e+00, 1.270e-03, 0.000e+00, 3.000e-01, 3.000e-01, 7.000e+00, 3.000e+00, 0.000e+00, 0.000e+00
1.785e-01, 2.073e+00, 8.363e-04, 0.000e+00, 3.000e-01, 3.000e-01, 7.000e+00, 3.000e+00, 0.000e+00, 0.000e+00
1.790e-01, 2.071e+00, 3.729e-04, 0.000e+00, 3.000e-01, 3.000e-01, 7.000e+00, 3.000e+00, 0.000e+00, 0.000e+00
1.795e-01, 2.069e+00, -2.098e-04, 0.000e+00, 3.000e-01, 3.000e-01, 7.000e+00, 3.000e+00, 0.000e+00, 0.000e+00
1.800e-01, 2.068e+00, -5.691e-04, 0.000e+00, 3.000e-01, 3.000e-01, 7.000e+00, 3.000e+00, 0.000e+00, 0.000e+00
1.805e-01, 2.066e+00, -1.070e-03, 0.000e+00, 3.000e-01, 3.000e-01, 7.000e+00, 3.000e+00, 0.000e+00, 0.000e+00
1.810e-01, 2.065e+00, -1.546e-03, 0.000e+00, 3.000e-01, 3.000e-01, 7.000e+00, 3.000e+00, 0.000e+00, 0.000e+00
1.815e-01, 2.063e+00, -2.008e-03, 0.000e+00, 3.000e-01, 3.000e-01, 7.000e+00, 3.000e+00, 0.000e+00, 0.000e+00
1.820e-01, 2.061e+00, -2.413e-03, 0.000e+00, 3.000e-01, 3.000e-01, 7.000e+00, 3.000e+00, 0.000e+00, 0.000e+00
1.825e-01, 2.059e+00, -2.807e-03, 0.000e+00, 3.001e-01, 3.000e-01, 7.000e+00, 3.000e+00, 0.000e+00, 0.000e+00
1.830e-01, 2.058e+00, -2.987e-03, 0.000e+00, 3.001e-01, 3.000e-01, 7.000e+00, 3.000e+00, 0.000e+00, 0.000e+00
1.835e-01, 2.056e+00, -3.289e-03, 0.000e+00, 3.001e-01, 3.000e-01, 7.000e+00, 3.000e+00, 0.000e+00, 0.000e+00
1.840e-01, 2.055e+00, -3.537e-03, 0.000e+00, 3.001e-01, 3.000e-01, 7.000e+00, 3.000e+00, 0.000e+00, 0.000e+00
1.845e-01, 2.053e+00, -3.738e-03, 0.000e+00, 3.001e-01, 3.000e-01, 7.000e+00, 3.000e+00, 0.000e+00, 0.000e+00
1.850e-01, 2.051e+00, -3.893e-03, 0.000e+00, 3.001e-01, 3.000e-01, 7.000e+00, 3.000e+00, 0.000e+00, 0.000e+00
1.855e-01, 2.050e+00, -3.998e-03, 0.000e+00, 3.001e-01, 3.000e-01, 7.000e+00, 3.000e+00, 0.000e+00, 0.000e+00
1.860e-01, 2.048e+00, -4.062e-03, 0.000e+00, 3.001e-01, 3.000e-01, 7.000e+00, 3.000e+00, 0.000e+00, 0.000e+00
1.865e-01, 2.047e+00, -4.080e-03, 0.000e+00, 3.001e-01, 3.000e-01, 7.000e+00, 3.000e+00, 0.000e+00, 0.000e+00
1.870e-01, 2.045e+00, -4.053e-03, 0.000e+00, 3.001e-01, 3.000e-01, 7.000e+00, 3.000e+00, 0.000e+00, 0.000e+00
1.875e-01, 2.043e+00, -3.981e-03, 0.000e+00, 3.001e-01, 3.000e-01, 7.000e+00, 3.000e+00, 0.000e+00, 0.000e+00
1.880e-01, 2.042e+00, -3.861e-03, 0.000e+00, 3.001e-01, 3.000e-01, 7.000e+00, 3.000e+00, 0.000e+00, 0.000e+00
1.885e-01, 2.040e+00, -3.696e-03, 0.000e+00, 3.001e-01, 3.000e-01, 7.000e+00, 3.000e+00, 0.000e+00, 0.000e+00
1.890e-01, 2.038e+00, -3.489e-03, 0.000e+00, 3.001e-01, 3.000e-01, 7.000e+00, 3.000e+00, 0.000e+00, 0.000e+00
1.895e-01, 2.036e+00, -3.233e-03, 0.000e+00, 3.001e-01, 3.000e-01, 7.000e+00, 3.000e+00, 0.000e+00, 0.000e+00
1.900e-01, 2.035e+00, -2.954e-03, 0.000e+00, 3.001e-01, 3.000e-01, 7.000e+00, 3.000e+00, 0.000e+00, 0.000e+00
1.905e-01, 2.033e+00, -2.724e-03, 0.000e+00, 3.001e-01, 3.000e-01, 7.000e+00, 3.000e+00, 0.000e+00, 0.000e+00
1.910e-01, 2.031e+00, -2.262e-03, 0.000e+00, 3.000e-01, 3.000e-01, 7.000e+00, 3.000e+00, 0.000e+00, 0.000e+00
1.915e-01, 2.030e+00, -1.925e-03, 0.000e+00, 3.000e-01, 3.000e-01, 7.000e+00, 3.000e+00, 0.000e+00, 0.000e+00
1.920e-01, 2.028e+00, -1.573e-03, 0.000e+00, 3.000e-01, 3.000e-01, 7.000e+00, 3.000e+00, 0.000e+00, 0.000e+00
1.925e-01, 2.026e+00, -1.209e-03, 0.000e+00, 3.000e-01, 3.000e-01, 7.000e+00, 3.000e+00, 0.000e+00, 0.000e+00
1.930e-01, 2.025e+00, -8.382e-04, 0.000e+00, 3.000e-01, 3.000e-01, 7.000e+00, 3.000e+00, 0.000e+00, 0.000e+00
1.935e-01, 2.024e+00, -4.932e-04, 0.000e+00, 3.000e-01, 3.000e-01, 7.000e+00, 3.000e+00, 0.000e+00, 0.000e+00
1.940e-01, 2.022e+00, -1.547e-04, 0.000e+00, 3.000e-01, 3.000e-01, 7.000e+00, 3.000e+00, 0.000e+00, 0.000e+00
1.945e-01, 2.020e+00, 2.543e-04, 0.000e+00, 3.000e-01, 3.000e-01, 7.000e+00, 3.000e+00, 0.000e+00, 0.000e+00
1.950e-01, 2.019e+00, 6.450e-04, 0.000e+00, 3.000e-01, 3.000e-01, 7.000e+00, 3.000e+00, 0.000e+00, 0.000e+00
1.955e-01, 2.017e+00, 1.033e-03, 0.000e+00, 3.000e-01, 3.000e-01, 7.000e+00, 3.000e+00, 0.000e+00, 0.000e+00
1.960e-01, 2.015e+00, 1.419e-03, 0.000e+00, 3.000e-01, 3.000e-01, 7.000e+00, 3.000e+00, 0.000e+00, 0.000e+00
1.965e-01, 2.014e+00, 1.757e-03, 0.000e+00, 3.000e-01, 3.000e-01, 7.000e+00, 3.000e+00, 0.000e+00, 0.000e+00
1.970e-01, 2.013e+00, 1.948e-03, 0.000e+00, 3.000e-01, 3.000e-01, 7.000e+00, 3.000e+00, 0.000e+00, 0.000e+00
1.975e-01, 2.011e+00, 2.242e-03, 0.000e+00, 3.000e-01, 3.000e-01, 7.000e+00, 3.000e+00, 0.000e+00, 0.000e+00
1.980e-01, 2.009e+00, 2.506e-03, 0.000e+00, 3.000e-01, 3.000e-01, 7.000e+00, 3.000e+00, 0.000e+00, 0.000e+00
1.985e-01, 2.008e+00, 2.743e-03, 0.000e+00, 3.001e-01, 3.000e-01, 7.000e+00, 3.000e+00, 0.000e+00, 0.000e+00
1.990e-01, 2.006e+00, 2.929e-03, 0.000e+00, 3.001e-01, 3.000e-01, 7.000e+00, 3.000e+00, 0.000e+00, 0.000e+00
1.995e-01, 2.004e+00, 3.081e-03, 0.000e+00, 3.001e-01, 3.000e-01, 7.000e+00, 3.000e+00, 0.000e+00, 0.000e+00
2.000e-01, 2.003e+00, 3.199e-03, 0.000e+00, 3.001e-01, 3.000e-01, 7.000e+00, 3.000e+00, 0.000e+00, 0.000e+00
2.005e-01, 2.001e+00, 3.280e-03, 0.000e+00, 3.001e-01, 3.000e-01, 7.000e+00, 3.000e+00, 0.000e+00, 0.000e+00
2.010e-01, 2.000e+00, 3.325e-03, 0.000e+00, 3.001e-01, 3.000e-01, 7.000e+00, 3.000e+00, 0.000e+00, 0.000e+00
2.015e-01, 1.998e+00, 3.334e-03, 0.000e+00, 3.001e-01, 3.000e-01, 7.000e+00, 3.000e+00, 0.000e+00, 0.000e+00
2.020e-01, 1.997e+00, 3.309e-03, 0.000e+00, 3.001e-01, 3.000e-01, 7.000e+00, 3.000e+00, 0.000e+00, 0.000e+00
2.025e-01, 1.995e+00, 3.248e-03, 0.000e+00, 3.001e-01, 3.000e-01, 7.000e+00, 3.000e+00, 0.000e+00, 0.000e+00
2.030e-01, 1.993e+00, 3.151e-03, 0.000e+00, 3.001e-01, 3.000e-01, 7.000e+00, 3.000e+00, 0.000e+00, 0.000e+00
2.035e-01, 1.992e+00, 3.010e-03, 0.000e+00, 3.001e-01, 3.000e-01, 7.000e+00, 3.000e+00, 0.000e+00, 0.000e+00
2.040e-01, 1.990e+00, 2.847e-03, 0.000e+00, 3.001e-01, 3.000e-01, 7.000e+00, 3.000e+00, 0.000e+00, 0.000e+00
2.045e-01, 1.989e+00, 2.653e-03, 0.000e+00, 3.000e-01, 3.000e-01, 7.000e+00, 3.000e+00, 0.000e+00, 0.000e+00
2.050e-01, 1.987e+00, 2.498e-03, 0.000e+00, 3.000e-01, 3.000e-01, 7.000e+00, 3.000e+00, 0.000e+00, 0.000e+00
2.055e-01, 1.986e+00, 2.253e-03, 0.000e+00, 3.000e-01, 3.000e-01, 7.000e+00, 3.000e+00, 0.000e+00, 0.000e+00
2.060e-01, 1.984e+00, 2.008e-03, 0.000e+00, 3.000e-01, 3.000e-01, 7.000e+00, 3.000e+00, 0.000e+00, 0.000e+00
2.065e-01, 1.983e+00, 1.746e-03, 0.000e+00, 3.000e-01, 3.000e-01, 7.000e+00, 3.000e+00, 0.000e+00, 0.000e+00
2.070e-01, 1.981e+00, 1.333e-03, 0.000e+00, 3.000e-01, 3.000e-01, 7.000e+00, 3.000e+00, 0.000e+00, 0.000e+00
2.075e-01, 1.979e+00, 1.044e-03, 0.000e+00, 3.000e-01, 3.000e-01, 7.000e+00, 3.000e+00, 0.000e+00, 0.000e+00
2.080e-01, 1.978e+00, 7.479e-04, 0.000e+00, 3.000e-01, 3.000e-01, 7.000e+00, 3.000e+00, 0.000e+00, 0.000e+00
2.085e-01, 1.976e+00, 4.722e-04, 0.000e+00, 3.000e-01, 3.000e-01, 7.000e+00, 3.000e+00, 0.000e+00, 0.000e+00
2.090e-01, 1.975e+00, 1.752e-04, 0.000e+00, 3.000e-01, 3.000e-01, 7.000e+00, 3.000e+00, 0.000e+00, 0.000e+00
2.095e-01, 1.973e+00, -1.127e-04, 0.000e+00, 3.000e-01, 3.000e-01, 7.000e+00, 3.000e+00, 0.000e+00, 0.000e+00
2.100e-01, 1.972e+00, -4.327e-04, 0.000e+00, 3.000e-01, 3.000e-01, 7.000e+00, 3.000e+00, 0.000e+00, 0.000e+00
2.105e-01, 1.970e+00, -7.428e-04, 0.000e+00, 3.000e-01, 3.000e-01, 7.000e+00, 3.000e+00, 0.000e+00, 0.000e+00
2.110e-01, 1.968e+00, -1.056e-03, 0.000e+00, 3.000e-01, 3.000e-01, 7.000e+00, 3.000e+00, 0.000e+00, 0.000e+00
2.115e-01, 1.967e+00, -1.220e-03, 0.000e+00, 3.000e-01, 3.000e-01, 7.000e+00, 3.000e+00, 0.000e+00, 0.000e+00
2.120e-01, 1.966e+00, -1.482e-03, 0.000e+00, 3.000e-01, 3.000e-01, 7.000e+00, 3.000e+00, 0.000e+00, 0.000e+00
2.125e-01, 1.964e+00, -1.724e-03, 0.000e+00, 3.000e-01, 3.000e-01, 7.000e+00, 3.000e+00, 0.000e+00, 0.000e+00
2.130e-01, 1.963e+00, -1.944e-03, 0.000e+00, 3.000e-01, 3.000e-01, 7.000e+00, 3.000e+00, 0.000e+00, 0.000e+00
2.135e-01, 1.961e+00, -2.140e-03, 0.000e+00, 3.000e-01, 3.000e-01, 7.000e+00, 3.000e+00, 0.000e+00, 0.000e+00
2.140e-01, 1.960e+00, -2.312e-03, 0.000e+00, 3.000e-01, 3.000e-01, 7.000e+00, 3.000e+00, 0.000e+00, 0.000e+00
2.145e-01, 1.958e+00, -2.445e-03, 0.000e+00, 3.000e-01, 3.000e-01, 7.000e+00, 3.000e+00, 0.000e+00, 0.000e+00
2.150e-01, 1.957e+00, -2.551e-03, 0.000e+00, 3.000e-01, 3.000e-01, 7.000e+00, 3.000e+00, 0.000e+00, 0.000e+00
2.155e-01, 1.955e+00, -2.630e-03, 0.000e+00, 3.000e-01, 3.000e-01, 7.000e+00, 3.000e+00, 0.000e+00, 0.000e+00
2.160e-01, 1.953e+00, -2.680e-03, 0.000e+00, 3.001e-01, 3.000e-01, 7.000e+00, 3.000e+00, 0.000e+00, 0.000e+00
2.165e-01, 1.952e+00, -2.702e-03, 0.000e+00, 3.001e-01, 3.000e-01, 7.000e+00, 3.000e+00, 0.000e+00, 0.000e+00
2.170e-01, 1.950e+00, -2.695e-03, 0.000e+00, 3.001e-01, 3.000e-01, 7.000e+00, 3.000e+00, 0.000e+00, 0.000e+00
2.175e-01, 1.949e+00, -2.659e-03, 0.000e+00, 3.000e-01, 3.000e-01, 7.000e+00, 3.000e+00, 0.000e+00, 0.000e+00
2.180e-01, 1.947e+00, -2.596e-03, 0.000e+00, 3.000e-01, 3.000e-01, 7.000e+00, 3.000e+00, 0.000e+00, 0.000e+00
2.185e-01, 1.946e+00, -2.535e-03, 0.000e+00, 3.000e-01, 3.000e-01, 7.000e+00, 3.000e+00, 0.000e+00, 0.000e+00
2.190e-01, 1.945e+00, -2.427e-03, 0.000e+00, 3.000e-01, 3.000e-01, 7.000e+00, 3.000e+00, 0.000e+00, 0.000e+00
2.195e-01, 1.943e+00, -2.294e-03, 0.000e+00, 3.000e-01, 3.000e-01, 7.000e+00, 3.000e+00, 0.000e+00, 0.000e+00
2.200e-01, 1.942e+00, -2.138e-03, 0.000e+00, 3.000e-01, 3.000e-01, 7.000e+00, 3.000e+00, 0.000e+00, 0.000e+00
2.205e-01, 1.940e+00, -1.961e-03, 0.000e+00, 3.000e-01, 3.000e-01, 7.000e+00, 3.000e+00, 0.000e+00, 0.000e+00
2.210e-01, 1.939e+00, -1.764e-03, 0.000e+00, 3.000e-01, 3.000e-01, 7.000e+00, 3.000e+00, 0.000e+00, 0.000e+00
2.215e-01, 1.937e+00, -1.563e-03, 0.000e+00, 3.000e-01, 3.000e-01, 7.000e+00, 3.000e+00, 0.000e+00, 0.000e+00
2.220e-01, 1.936e+00, -1.351e-03, 0.000e+00, 3.000e-01, 3.000e-01, 7.000e+00, 3.000e+00, 0.000e+00, 0.000e+00
2.225e-01, 1.935e+00, -1.128e-03, 0.000e+00, 3.000e-01, 3.000e-01, 7.000e+00, 3.000e+00, 0.000e+00, 0.000e+00
2.230e-01, 1.933e+00, -8.958e-04, 0.000e+00, 3.000e-01, 3.000e-01, 7.000e+00, 3.000e+00, 0.000e+00, 0.000e+00
2.235e-01, 1.931e+00, -5.397e-04, 0.000e+00, 3.000e-01, 3.000e-01, 7.000e+00, 3.000e+00, 0.000e+00, 0.000e+00
2.240e-01, 1.930e+00, -3.190e-04, 0.000e+00, 3.000e-01, 3.000e-01, 7.000e+00, 3.000e+00, 0.000e+00, 0.000e+00
2.245e-01, 1.928e+00, -8.057e-05, 0.000e+00, 3.000e-01, 3.000e-01, 7.000e+00, 3.000e+00, 0.000e+00, 0.000e+00
2.250e-01, 1.927e+00, 1.518e-04, 0.000e+00, 3.000e-01, 3.000e-01, 7.000e+00, 3.000e+00, 0.000e+00, 0.000e+00
2.255e-01, 1.925e+00, 4.111e-04, 0.000e+00, 3.000e-01, 3.000e-01, 7.000e+00, 3.000e+00, 0.000e+00, 0.000e+00
2.260e-01, 1.924e+00, 6.553e-04, 0.000e+00, 3.000e-01, 3.000e-01, 7.000e+00, 3.000e+00, 0.000e+00, 0.000e+00
2.265e-01, 1.923e+00, 8.049e-04, 0.000e+00, 3.000e-01, 3.000e-01, 7.000e+00, 3.000e+00, 0.000e+00, 0.000e+00
2.270e-01, 1.921e+00, 1.025e-03, 0.000e+00, 3.000e-01, 3.000e-01, 7.000e+00, 3.000e+00, 0.000e+00, 0.000e+00
2.275e-01, 1.920e+00, 1.233e-03, 0.000e+00, 3.000e-01, 3.000e-01, 7.000e+00, 3.000e+00, 0.000e+00, 0.000e+00
2.280e-01, 1.918e+00, 1.425e-03, 0.000e+00, 3.000e-01, 3.000e-01, 7.000e+00, 3.000e+00, 0.000e+00, 0.000e+00
2.285e-01, 1.917e+00, 1.599e-03, 0.000e+00, 3.000e-01, 3.000e-01, 7.000e+00, 3.000e+00, 0.000e+00, 0.000e+00
2.290e-01, 1.916e+00, 1.727e-03, 0.000e+00, 3.000e-01, 3.000e-01, 7.000e+00, 3.000e+00, 0.000e+00, 0.000e+00
2.295e-01, 1.914e+00, 1.859e-03, 0.000e+00, 3.000e-01, 3.000e-01, 7.000e+00, 3.000e+00, 0.000e+00, 0.000e+00
2.300e-01, 1.913e+00, 1.971e-03, 0.000e+00, 3.000e-01, 3.000e-01, 7.000e+00, 3.000e+00, 0.000e+00, 0.000e+00
2.305e-01, 1.911e+00, 2.063e-03, 0.000e+00, 3.000e-01, 3.000e-01, 7.000e+00, 3.000e+00, 0.000e+00, 0.000e+00
2.310e-01, 1.910e+00, 2.132e-03, 0.000e+00, 3.000e-01, 3.000e-01, 7.000e+00, 3.000e+00, 0.000e+00, 0.000e+00
2.315e-01, 1.908e+00, 2.180e-03, 0.000e+00, 3.000e-01, 3.000e-01, 7.000e+00, 3.000e+00, 0.000e+00, 0.000e+00
2.320e-01, 1.907e+00, 2.205e-03, 0.000e+00, 3.000e-01, 3.000e-01, 7.000e+00, 3.000e+00, 0.000e+00, 0.000e+00
2.325e-01, 1.906e+00, 2.208e-03, 0.000e+00, 3.000e-01, 3.000e-01, 7.000e+00, 3.000e+00, 0.000e+00, 0.000e+00
2.330e-01, 1.904e+00, 2.189e-03, 0.000e+00, 3.000e-01, 3.000e-01, 7.000e+00, 3.000e+00, 0.000e+00, 0.000e+00
2.335e-01, 1.903e+00, 2.147e-03, 0.000e+00, 3.000e-01, 3.000e-01, 7.000e+00, 3.000e+00, 0.000e+00, 0.000e+00
2.340e-01, 1.901e+00, 2.085e-03, 0.000e+00, 3.000e-01, 3.000e-01, 7.000e+00, 3.000e+00, 0.000e+00, 0.000e+00
2.345e-01, 1.900e+00, 2.001e-03, 0.000e+00, 3.000e-01, 3.000e-01, 7.000e+00, 3.000e+00, 0.000e+00, 0.000e+00
2.350e-01, 1.898e+00, 1.898e-03, 0.000e+00, 3.000e-01, 3.000e-01, 7.000e+00, 3.000e+00, 0.000e+00, 0.000e+00
2.355e-01, 1.897e+00, 1.776e-03, 0.000e+00, 3.000e-01, 3.000e-01, 7.000e+00, 3.000e+00, 0.000e+00, 0.000e+00
2.360e-01, 1.895e+00, 1.637e-03, 0.000e+00, 3.000e-01, 3.000e-01, 7.000e+00, 3.000e+00, 0.000e+00, 0.000e+00
2.365e-01, 1.894e+00, 1.482e-03, 0.000e+00, 3.000e-01, 3.000e-01, 7.000e+00, 3.000e+00, 0.000e+00, 0.000e+00
2.370e-01, 1.893e+00, 1.324e-03, 0.000e+00, 3.000e-01, 3.000e-01, 7.000e+00, 3.000e+00, 0.000e+00, 0.000e+00
2.375e-01, 1.891e+00, 1.156e-03, 0.000e+00, 3.000e-01, 3.000e-01, 7.000e+00, 3.000e+00, 0.000e+00, 0.000e+00
2.380e-01, 1.890e+00, 9.797e-04, 0.000e+00, 3.000e-01, 3.000e-01, 7.000e+00, 3.000e+00, 0.000e+00, 0.000e+00
2.385e-01, 1.888e+00, 7.959e-04, 0.000e+00, 3.000e-01, 3.000e-01, 7.000e+00, 3.000e+00, 0.000e+00, 0.000e+00
2.390e-01, 1.887e+00, 6.067e-04, 0.000e+00, 3.000e-01, 3.000e-01, 7.000e+00, 3.000e+00, 0.000e+00, 0.000e+00
2.395e-01, 1.886e+00, 4.141e-04, 0.000e+00, 3.000e-01, 3.000e-01, 7.000e+00, 3.000e+00, 0.000e+00, 0.000e+00
2.400e-01, 1.884e+00, 2.198e-04, 0.000e+00, 3.000e-01, 3.000e-01, 7.000e+00, 3.000e+00, 0.000e+00, 0.000e+00
2.405e-01, 1.882e+00, -5.394e-05, 0.000e+00, 3.000e-01, 3.000e-01, 7.000e+00, 3.000e+00, 0.000e+00, 0.000e+00
2.410e-01, 1.881e+00, -2.552e-04, 0.000e+00, 3.000e-01, 3.000e-01, 7.000e+00, 3.000e+00, 0.000e+00, 0.000e+00
2.415e-01, 1.880e+00, -4.508e-04, 0.000e+00, 3.000e-01, 3.000e-01, 7.000e+00, 3.000e+00, 0.000e+00, 0.000e+00
2.420e-01, 1.879e+00, -5.684e-04, 0.000e+00, 3.000e-01, 3.000e-01, 7.000e+00, 3.000e+00, 0.000e+00, 0.000e+00
2.425e-01, 1.877e+00, -7.481e-04, 0.000e+00, 3.000e-01, 3.000e-01, 7.000e+00, 3.000e+00, 0.000e+00, 0.000e+00
2.430e-01, 1.876e+00, -9.185e-04, 0.000e+00, 3.000e-01, 3.000e-01, 7.000e+00, 3.000e+00, 0.000e+00, 0.000e+00
2.435e-01, 1.874e+00, -1.078e-03, 0.000e+00, 3.000e-01, 3.000e-01, 7.000e+00, 3.000e+00, 0.000e+00, 0.000e+00
2.440e-01, 1.873e+00, -1.225e-03, 0.000e+00, 3.000e-01, 3.000e-01, 7.000e+00, 3.000e+00, 0.000e+00, 0.000e+00
2.445e-01, 1.872e+00, -1.339e-03, 0.000e+00, 3.000e-01, 3.000e-01, 7.000e+00, 3.000e+00, 0.000e+00, 0.000e+00
2.450e-01, 1.870e+00, -1.452e-03, 0.000e+00, 3.000e-01, 3.000e-01, 7.000e+00, 3.000e+00, 0.000e+00, 0.000e+00
2.455e-01, 1.869e+00, -1.550e-03, 0.000e+00, 3.000e-01, 3.000e-01, 7.000e+00, 3.000e+00, 0.000e+00, 0.000e+00
2.460e-01, 1.868e+00, -1.632e-03, 0.000e+00, 3.000e-01, 3.000e-01, 7.000e+00, 3.000e+00, 0.000e+00, 0.000e+00
2.465e-01, 1.866e+00, -1.698e-03, 0.000e+00, 3.000e-01, 3.000e-01, 7.000e+00, 3.000e+00, 0.000e+00, 0.000e+00
2.470e-01, 1.865e+00, -1.746e-03, 0.000e+00, 3.000e-01, 3.000e-01, 7.000e+00, 3.000e+00, 0.000e+00, 0.000e+00
2.475e-01, 1.864e+00, -1.778e-03, 0.000e+00, 3.000e-01, 3.000e-01, 7.000e+00, 3.000e+00, 0.000e+00, 0.000e+00
2.480e-01, 1.862e+00, -1.791e-03, 0.000e+00, 3.000e-01, 3.000e-01, 7.000e+00, 3.000e+00, 0.000e+00, 0.000e+00
2.485e-01, 1.861e+00, -1.787e-03, 0.000e+00, 3.000e-01, 3.000e-01, 7.000e+00, 3.000e+00, 0.000e+00, 0.000e+00
2.490e-01, 1.859e+00, -1.766e-03, 0.000e+00, 3.000e-01, 3.000e-01, 7.000e+00, 3.000e+00, 0.000e+00, 0.000e+00
2.495e-01, 1.858e+00, -1.727e-03, 0.000e+00, 3.000e-01, 3.000e-01, 7.000e+00, 3.000e+00, 0.000e+00, 0.000e+00
2.500e-01, 1.857e+00, -1.672e-03, 0.000e+00, 3.000e-01, 3.000e-01, 7.000e+00, 3.000e+00, 0.000e+00, 0.000e+00
2.505e-01, 1.855e+00, -1.600e-03, 0.000e+00, 3.000e-01, 3.000e-01, 7.000e+00, 3.000e+00, 0.000e+00, 0.000e+00
2.510e-01, 1.854e+00, -1.514e-03, 0.000e+00, 3.000e-01, 3.000e-01, 7.000e+00, 3.000e+00, 0.000e+00, 0.000e+00
2.515e-01, 1.853e+00, -1.412e-03, 0.000e+00, 3.000e-01, 3.000e-01, 7.000e+00, 3.000e+00, 0.000e+00, 0.000e+00
2.520e-01, 1.851e+00, -1.297e-03, 0.000e+00, 3.000e-01, 3.000e-01, 7.000e+00, 3.000e+00, 0.000e+00, 0.000e+00
2.525e-01, 1.850e+00, -1.169e-03, 0.000e+00, 3.000e-01, 3.000e-01, 7.000e+00, 3.000e+00, 0.000e+00, 0.000e+00
2.530e-01, 1.848e+00, -1.046e-03, 0.000e+00, 3.000e-01, 3.000e-01, 7.000e+00, 3.000e+00, 0.000e+00, 0.000e+00
2.535e-01, 1.847e+00, -9.099e-04, 0.000e+00, 3.000e-01, 3.000e-01, 7.000e+00, 3.000e+00, 0.000e+00, 0.000e+00
2.540e-01, 1.846e+00, -7.674e-04, 0.000e+00, 3.000e-01, 3.000e-01, 7.000e+00, 3.000e+00, 0.000e+00, 0.000e+00
2.545e-01, 1.845e+00, -6.193e-04, 0.000e+00, 3.000e-01, 3.000e-01, 7.000e+00, 3.000e+00, 0.000e+00, 0.000e+00
2.550e-01, 1.843e+00, -4.671e-04, 0.000e+00, 3.000e-01, 3.000e-01, 7.000e+00, 3.000e+00, 0.000e+00, 0.000e+00
2.555e-01, 1.842e+00, -3.122e-04, 0.000e+00, 3.000e-01, 3.000e-01, 7.000e+00, 3.000e+00, 0.000e+00, 0.000e+00
2.560e-01, 1.841e+00, -1.561e-04, 0.000e+00, 3.000e-01, 3.000e-01, 7.000e+00, 3.000e+00, 0.000e+00, 0.000e+00
2.565e-01, 1.839e+00, -2.756e-07, 0.000e+00, 3.000e-01, 3.000e-01, 7.000e+00, 3.000e+00, 0.000e+00, 0.000e+00
2.570e-01, 1.838e+00, 1.518e-04, 0.000e+00, 3.000e-01, 3.000e-01, 7.000e+00, 3.000e+00, 0.000e+00, 0.000e+00
2.575e-01, 1.837e+00, 3.088e-04, 0.000e+00, 3.000e-01, 3.000e-01, 7.000e+00, 3.000e+00, 0.000e+00, 0.000e+00
2.580e-01, 1.835e+00, 4.762e-04, 0.000e+00, 3.000e-01, 3.000e-01, 7.000e+00, 3.000e+00, 0.000e+00, 0.000e+00
2.585e-01, 1.834e+00, 6.196e-04, 0.000e+00, 3.000e-01, 3.000e-01, 7.000e+00, 3.000e+00, 0.000e+00, 0.000e+00
2.590e-01, 1.832e+00, 7.559e-04, 0.000e+00, 3.000e-01, 3.000e-01, 7.000e+00, 3.000e+00, 0.000e+00, 0.000e+00
2.595e-01, 1.831e+00, 8.836e-04, 0.000e+00, 3.000e-01, 3.000e-01, 7.000e+00, 3.000e+00, 0.000e+00, 0.000e+00
2.600e-01, 1.830e+00, 1.002e-03, 0.000e+00, 3.000e-01, 3.000e-01, 7.000e+00, 3.000e+00, 0.000e+00, 0.000e+00
2.605e-01, 1.829e+00, 1.097e-03, 0.000e+00, 3.000e-01, 3.000e-01, 7.000e+00, 3.000e+00, 0.000e+00, 0.000e+00
2.610e-01, 1.827e+00, 1.188e-03, 0.000e+00, 3.000e-01, 3.000e-01, 7.000e+00, 3.000e+00, 0.000e+00, 0.000e+00
2.615e-01, 1.826e+00, 1.267e-03, 0.000e+00, 3.000e-01, 3.000e-01, 7.000e+00, 3.000e+00, 0.000e+00, 0.000e+00
2.620e-01, 1.825e+00, 1.334e-03, 0.000e+00, 3.000e-01, 3.000e-01, 7.000e+00, 3.000e+00, 0.000e+00, 0.000e+00
2.625e-01, 1.823e+00, 1.389e-03, 0.000e+00, 3.000e-01, 3.000e-01, 7.000e+00, 3.000e+00, 0.000e+00, 0.000e+00
2.630e-01, 1.822e+00, 1.430e-03, 0.000e+00, 3.000e-01, 3.000e-01, 7.000e+00, 3.000e+00, 0.000e+00, 0.000e+00
2.635e-01, 1.821e+00, 1.457e-03, 0.000e+00, 3.000e-01, 3.000e-01, 7.000e+00, 3.000e+00, 0.000e+00, 0.000e+00
2.640e-01, 1.819e+00, 1.471e-03, 0.000e+00, 3.000e-01, 3.000e-01, 7.000e+00, 3.000e+00, 0.000e+00, 0.000e+00
2.645e-01, 1.818e+00, 1.470e-03, 0.000e+00, 3.000e-01, 3.000e-01, 7.000e+00, 3.000e+00, 0.000e+00, 0.000e+00
2.650e-01, 1.817e+00, 1.456e-03, 0.000e+00, 3.000e-01, 3.000e-01, 7.000e+00, 3.000e+00, 0.000e+00, 0.000e+00
2.655e-01, 1.816e+00, 1.429e-03, 0.000e+00, 3.000e-01, 3.000e-01, 7.000e+00, 3.000e+00, 0.000e+00, 0.000e+00
2.660e-01, 1.814e+00, 1.388e-03, 0.000e+00, 3.000e-01, 3.000e-01, 7.000e+00, 3.000e+00, 0.000e+00, 0.000e+00
2.665e-01, 1.813e+00, 1.334e-03, 0.000e+00, 3.000e-01, 3.000e-01, 7.000e+00, 3.000e+00, 0.000e+00, 0.000e+00
2.670e-01, 1.812e+00, 1.268e-03, 0.000e+00, 3.000e-01, 3.000e-01, 7.000e+00, 3.000e+00, 0.000e+00, 0.000e+00
2.675e-01, 1.810e+00, 1.190e-03, 0.000e+00, 3.000e-01, 3.000e-01, 7.000e+00, 3.000e+00, 0.000e+00, 0.000e+00
2.680e-01, 1.809e+00, 1.101e-03, 0.000e+00, 3.000e-01, 3.000e-01, 7.000e+00, 3.000e+00, 0.000e+00, 0.000e+00
2.685e-01, 1.808e+00, 1.001e-03, 0.000e+00, 3.000e-01, 3.000e-01, 7.000e+00, 3.000e+00, 0.000e+00, 0.000e+00
2.690e-01, 1.807e+00, 9.371e-04, 0.000e+00, 3.000e-01, 3.000e-01, 7.000e+00, 3.000e+00, 0.000e+00, 0.000e+00
2.695e-01, 1.805e+00, 7.973e-04, 0.000e+00, 3.000e-01, 3.000e-01, 7.000e+00, 3.000e+00, 0.000e+00, 0.000e+00
2.700e-01, 1.804e+00, 6.850e-04, 0.000e+00, 3.000e-01, 3.000e-01, 7.000e+00, 3.000e+00, 0.000e+00, 0.000e+00
2.705e-01, 1.803e+00, 5.680e-04, 0.000e+00, 3.000e-01, 3.000e-01, 7.000e+00, 3.000e+00, 0.000e+00, 0.000e+00
2.710e-01, 1.801e+00, 4.471e-04, 0.000e+00, 3.000e-01, 3.000e-01, 7.000e+00, 3.000e+00, 0.000e+00, 0.000e+00
2.715e-01, 1.800e+00, 3.235e-04, 0.000e+00, 3.000e-01, 3.000e-01, 7.000e+00, 3.000e+00, 0.000e+00, 0.000e+00
2.720e-01, 1.799e+00, 1.984e-04, 0.000e+00, 3.000e-01, 3.000e-01, 7.000e+00, 3.000e+00, 0.000e+00, 0.000e+00
2.725e-01, 1.798e+00, 7.278e-05, 0.000e+00, 3.000e-01, 3.000e-01, 7.000e+00, 3.000e+00, 0.000e+00, 0.000e+00
2.730e-01, 1.796e+00, -5.080e-05, 0.000e+00, 3.000e-01, 3.000e-01, 7.000e+00, 3.000e+00, 0.000e+00, 0.000e+00
2.735e-01, 1.795e+00, -1.743e-04, 0.000e+00, 3.000e-01, 3.000e-01, 7.000e+00, 3.000e+00, 0.000e+00, 0.000e+00
2.740e-01, 1.794e+00, -2.985e-04, 0.000e+00, 3.000e-01, 3.000e-01, 7.000e+00, 3.000e+00, 0.000e+00, 0.000e+00
2.745e-01, 1.792e+00, -4.295e-04, 0.000e+00, 3.000e-01, 3.000e-01, 7.000e+00, 3.000e+00, 0.000e+00, 0.000e+00
2.750e-01, 1.791e+00, -5.419e-04, 0.000e+00, 3.000e-01, 3.000e-01, 7.000e+00, 3.000e+00, 0.000e+00, 0.000e+00
2.755e-01, 1.790e+00, -6.484e-04, 0.000e+00, 3.000e-01, 3.000e-01, 7.000e+00, 3.000e+00, 0.000e+00, 0.000e+00
2.760e-01, 1.789e+00, -7.479e-04, 0.000e+00, 3.000e-01, 3.000e-01, 7.000e+00, 3.000e+00, 0.000e+00, 0.000e+00
2.765e-01, 1.787e+00, -8.366e-04, 0.000e+00, 3.000e-01, 3.000e-01, 7.000e+00, 3.000e+00, 0.000e+00, 0.000e+00
2.770e-01, 1.786e+00, -9.140e-04, 0.000e+00, 3.000e-01, 3.000e-01, 7.000e+00, 3.000e+00, 0.000e+00, 0.000e+00
2.775e-01, 1.785e+00, -9.831e-04, 0.000e+00, 3.000e-01, 3.000e-01, 7.000e+00, 3.000e+00, 0.000e+00, 0.000e+00
2.780e-01, 1.784e+00, -1.043e-03, 0.000e+00, 3.000e-01, 3.000e-01, 7.000e+00, 3.000e+00, 0.000e+00, 0.000e+00
2.785e-01, 1.782e+00, -1.094e-03, 0.000e+00, 3.000e-01, 3.000e-01, 7.000e+00, 3.000e+00, 0.000e+00, 0.000e+00
2.790e-01, 1.781e+00, -1.134e-03, 0.000e+00, 3.000e-01, 3.000e-01, 7.000e+00, 3.000e+00, 0.000e+00, 0.000e+00
2.795e-01, 1.780e+00, -1.165e-03, 0.000e+00, 3.000e-01, 3.000e-01, 7.000e+00, 3.000e+00, 0.000e+00, 0.000e+00
2.800e-01, 1.779e+00, -1.184e-03, 0.000e+00, 3.000e-01, 3.000e-01, 7.000e+00, 3.000e+00, 0.000e+00, 0.000e+00
2.805e-01, 1.777e+00, -1.192e-03, 0.000e+00, 3.000e-01, 3.000e-01, 7.000e+00, 3.000e+00, 0.000e+00, 0.000e+00
2.810e-01, 1.776e+00, -1.190e-03, 0.000e+00, 3.000e-01, 3.000e-01, 7.000e+00, 3.000e+00, 0.000e+00, 0.000e+00
2.815e-01, 1.775e+00, -1.176e-03, 0.000e+00, 3.000e-01, 3.000e-01, 7.000e+00, 3.000e+00, 0.000e+00, 0.000e+00
2.820e-01, 1.774e+00, -1.152e-03, 0.000e+00, 3.000e-01, 3.000e-01, 7.000e+00, 3.000e+00, 0.000e+00, 0.000e+00
2.825e-01, 1.772e+00, -1.118e-03, 0.000e+00, 3.000e-01, 3.000e-01, 7.000e+00, 3.000e+00, 0.000e+00, 0.000e+00
2.830e-01, 1.771e+00, -1.073e-03, 0.000e+00, 3.000e-01, 3.000e-01, 7.000e+00, 3.000e+00, 0.000e+00, 0.000e+00
2.835e-01, 1.770e+00, -1.019e-03, 0.000e+00, 3.000e-01, 3.000e-01, 7.000e+00, 3.000e+00, 0.000e+00, 0.000e+00
2.840e-01, 1.769e+00, -9.820e-04, 0.000e+00, 3.000e-01, 3.000e-01, 7.000e+00, 3.000e+00, 0.000e+00, 0.000e+00
2.845e-01, 1.768e+00, -9.137e-04, 0.000e+00, 3.000e-01, 3.000e-01, 7.000e+00, 3.000e+00, 0.000e+00, 0.000e+00
2.850e-01, 1.767e+00, -8.370e-04, 0.000e+00, 3.000e-01, 3.000e-01, 7.000e+00, 3.000e+00, 0.000e+00, 0.000e+00
2.855e-01, 1.765e+00, -7.526e-04, 0.000e+00, 3.000e-01, 3.000e-01, 7.000e+00, 3.000e+00, 0.000e+00, 0.000e+00
2.860e-01, 1.764e+00, -6.402e-04, 0.000e+00, 3.000e-01, 3.000e-01, 7.000e+00, 3.000e+00, 0.000e+00, 0.000e+00
2.865e-01, 1.763e+00, -5.500e-04, 0.000e+00, 3.000e-01, 3.000e-01, 7.000e+00, 3.000e+00, 0.000e+00, 0.000e+00
2.870e-01, 1.761e+00, -4.560e-04, 0.000e+00, 3.000e-01, 3.000e-01, 7.000e+00, 3.000e+00, 0.000e+00, 0.000e+00
2.875e-01, 1.760e+00, -3.590e-04, 0.000e+00, 3.000e-01, 3.000e-01, 7.000e+00, 3.000e+00, 0.000e+00, 0.000e+00
2.880e-01, 1.759e+00, -2.597e-04, 0.000e+00, 3.000e-01, 3.000e-01, 7.000e+00, 3.000e+00, 0.000e+00, 0.000e+00
2.885e-01, 1.758e+00, -1.591e-04, 0.000e+00, 3.000e-01, 3.000e-01, 7.000e+00, 3.000e+00, 0.000e+00, 0.000e+00
2.890e-01, 1.757e+00, -5.801e-05, 0.000e+00, 3.000e-01, 3.000e-01, 7.000e+00, 3.000e+00, 0.000e+00, 0.000e+00
2.895e-01, 1.755e+00, 4.260e-05, 0.000e+00, 3.000e-01, 3.000e-01, 7.000e+00, 3.000e+00, 0.000e+00, 0.000e+00
2.900e-01, 1.754e+00, 1.413e-04, 0.000e+00, 3.000e-01, 3.000e-01, 7.000e+00, 3.000e+00, 0.000e+00, 0.000e+00
2.905e-01, 1.753e+00, 2.410e-04, 0.000e+00, 3.000e-01, 3.000e-01, 7.000e+00, 3.000e+00, 0.000e+00, 0.000e+00
2.910e-01, 1.752e+00, 3.471e-04, 0.000e+00, 3.000e-01, 3.000e-01, 7.000e+00, 3.000e+00, 0.000e+00, 0.000e+00
2.915e-01, 1.750e+00, 4.377e-04, 0.000e+00, 3.000e-01, 3.000e-01, 7.000e+00, 3.000e+00, 0.000e+00, 0.000e+00
2.920e-01, 1.749e+00, 5.239e-04, 0.000e+00, 3.000e-01, 3.000e-01, 7.000e+00, 3.000e+00, 0.000e+00, 0.000e+00
2.925e-01, 1.748e+00, 6.049e-04, 0.000e+00, 3.000e-01, 3.000e-01, 7.000e+00, 3.000e+00, 0.000e+00, 0.000e+00
2.930e-01, 1.747e+00, 6.505e-04, 0.000e+00, 3.000e-01, 3.000e-01, 7.000e+00, 3.000e+00, 0.000e+00, 0.000e+00
2.935e-01, 1.746e+00, 7.170e-04, 0.000e+00, 3.000e-01, 3.000e-01, 7.000e+00, 3.000e+00, 0.000e+00, 0.000e+00
2.940e-01, 1.745e+00, 7.774e-04, 0.000e+00, 3.000e-01, 3.000e-01, 7.000e+00, 3.000e+00, 0.000e+00, 0.000e+00
2.945e-01, 1.744e+00, 8.310e-04, 0.000e+00, 3.000e-01, 3.000e-01, 7.000e+00, 3.000e+00, 0.000e+00, 0.000e+00
2.950e-01, 1.742e+00, 8.772e-04, 0.000e+00, 3.000e-01, 3.000e-01, 7.000e+00, 3.000e+00, 0.000e+00, 0.000e+00
2.955e-01, 1.741e+00, 9.157e-04, 0.000e+00, 3.000e-01, 3.000e-01, 7.000e+00, 3.000e+00, 0.000e+00, 0.000e+00
2.960e-01, 1.740e+00, 9.562e-04, 0.000e+00, 3.000e-01, 3.000e-01, 7.000e+00, 3.000e+00, 0.000e+00, 0.000e+00
2.965e-01, 1.738e+00, 9.746e-04, 0.000e+00, 3.000e-01, 3.000e-01, 7.000e+00, 3.000e+00, 0.000e+00, 0.000e+00
2.970e-01, 1.737e+00, 9.845e-04, 0.000e+00, 3.000e-01, 3.000e-01, 7.000e+00, 3.000e+00, 0.000e+00, 0.000e+00
2.975e-01, 1.736e+00, 9.858e-04, 0.000e+00, 3.000e-01, 3.000e-01, 7.000e+00, 3.000e+00, 0.000e+00, 0.000e+00
2.980e-01, 1.735e+00, 9.827e-04, 0.000e+00, 3.000e-01, 3.000e-01, 7.000e+00, 3.000e+00, 0.000e+00, 0.000e+00
2.985e-01, 1.734e+00, 9.705e-04, 0.000e+00, 3.000e-01, 3.000e-01, 7.000e+00, 3.000e+00, 0.000e+00, 0.000e+00
2.990e-01, 1.733e+00, 9.500e-04, 0.000e+00, 3.000e-01, 3.000e-01, 7.000e+00, 3.000e+00, 0.000e+00, 0.000e+00
2.995e-01, 1.732e+00, 9.213e-04, 0.000e+00, 3.000e-01, 3.000e-01, 7.000e+00, 3.000e+00, 0.000e+00, 0.000e+00
3.000e-01, 1.731e+00, 8.848e-04, 0.000e+00, 3.000e-01, 3.000e-01, 7.000e+00, 3.000e+00, 0.000e+00, 0.000e+00
