# Time,     alpha,      beta,     p,      q,      r,    MX,     MY,     MZ 
5.000e-04, 8.446e-02, 0.000e+00, 9.947e+02, 0.000e+00, 8.422e+01, -0.000e+00, -7.699e+00, 0.000e+00
1.000e-03, 8.128e-02, 0.000e+00, 9.940e+02, 0.000e+00, 8.097e+01, -0.000e+00, -7.336e+00, 0.000e+00
1.500e-03, 7.436e-02, 0.000e+00, 9.930e+02, 0.000e+00, 7.398e+01, -0.000e+00, -6.603e+00, 0.000e+00
2.000e-03, 6.780e-02, 0.000e+00, 9.923e+02, 0.000e+00, 6.738e+01, -0.000e+00, -5.936e+00, 0.000e+00
2.500e-03, 5.735e-02, 0.000e+00, 9.915e+02, 0.000e+00, 5.693e+01, -0.000e+00, -4.905e+00, 0.000e+00
3.000e-03, 4.708e-02, 0.000e+00, 9.908e+02, 0.000e+00, 4.668e+01, -0.000e+00, -3.916e+00, 0.000e+00
3.500e-03, 3.834e-02, 0.000e+00, 9.903e+02, 0.000e+00, 3.798e+01, -0.000e+00, -3.086e+00, 0.000e+00
4.000e-03, 2.751e-02, 0.000e+00, 9.895e+02, 0.000e+00, 2.723e+01, -0.000e+00, -2.074e+00, 0.000e+00
4.500e-03, 1.521e-02, 0.000e+00, 9.886e+02, 0.000e+00, 1.503e+01, -0.000e+00, -9.393e-01, 0.000e+00
5.000e-03, 2.486e-03, 0.000e+00, 9.875e+02, 0.000e+00, 2.455e+00, -0.000e+00, 2.167e-01, 0.000e+00
5.500e-03, -1.217e-02, 0.000e+00, 9.860e+02, 0.000e+00, -1.200e+01, -0.000e+00, 1.527e+00, 0.000e+00
6.000e-03, -2.230e-02, 0.000e+00, 9.848e+02, 0.000e+00, -2.197e+01, -0.000e+00, 2.419e+00, 0.000e+00
6.500e-03, -3.130e-02, 0.000e+00, 9.836e+02, 0.000e+00, -3.080e+01, -0.000e+00, 3.200e+00, 0.000e+00
7.000e-03, -4.018e-02, 0.000e+00, 9.823e+02, 0.000e+00, -3.949e+01, -0.000e+00, 3.958e+00, 0.000e+00
7.500e-03, -5.033e-02, 0.000e+00, 9.804e+02, 0.000e+00, -4.939e+01, -0.000e+00, 4.805e+00, 0.000e+00
8.000e-03, -5.788e-02, 0.000e+00, 9.788e+02, 0.000e+00, -5.672e+01, -0.000e+00, 5.415e+00, 0.000e+00
8.500e-03, -6.355e-02, 0.000e+00, 9.773e+02, 0.000e+00, -6.219e+01, -0.000e+00, 5.853e+00, 0.000e+00
9.000e-03, -6.700e-02, 0.000e+00, 9.761e+02, 0.000e+00, -6.550e+01, -0.000e+00, 6.103e+00, 0.000e+00
9.500e-03, -6.981e-02, 0.000e+00, 9.747e+02, 0.000e+00, -6.816e+01, -0.000e+00, 6.284e+00, 0.000e+00
1.000e-02, -7.126e-02, 0.000e+00, 9.734e+02, 0.000e+00, -6.948e+01, -0.000e+00, 6.335e+00, 0.000e+00
1.050e-02, -7.086e-02, 0.000e+00, 9.720e+02, 0.000e+00, -6.899e+01, -0.000e+00, 6.213e+00, 0.000e+00
1.100e-02, -6.914e-02, 0.000e+00, 9.710e+02, 0.000e+00, -6.724e+01, -0.000e+00, 5.999e+00, 0.000e+00
1.150e-02, -6.595e-02, 0.000e+00, 9.700e+02, 0.000e+00, -6.406e+01, -0.000e+00, 5.654e+00, 0.000e+00
1.200e-02, -6.157e-02, 0.000e+00, 9.692e+02, 0.000e+00, -5.975e+01, -0.000e+00, 5.212e+00, 0.000e+00
1.250e-02, -5.519e-02, 0.000e+00, 9.683e+02, 0.000e+00, -5.349e+01, -0.000e+00, 4.594e+00, 0.000e+00
1.300e-02, -4.686e-02, 0.000e+00, 9.673e+02, 0.000e+00, -4.536e+01, -0.000e+00, 3.813e+00, 0.000e+00
1.350e-02, -3.870e-02, 0.000e+00, 9.665e+02, 0.000e+00, -3.742e+01, -0.000e+00, 3.065e+00, 0.000e+00
1.400e-02, -3.181e-02, 0.000e+00, 9.659e+02, 0.000e+00, -3.073e+01, -0.000e+00, 2.443e+00, 0.000e+00
1.450e-02, -2.323e-02, 0.000e+00, 9.651e+02, 0.000e+00, -2.242e+01, -0.000e+00, 1.678e+00, 0.000e+00
1.500e-02, -1.336e-02, 0.000e+00, 9.641e+02, 0.000e+00, -1.288e+01, -0.000e+00, 8.126e-01, 0.000e+00
1.550e-02, -3.072e-03, 0.000e+00, 9.630e+02, 0.000e+00, -2.958e+00, -0.000e+00, -7.803e-02, 0.000e+00
1.600e-02, 4.839e-03, 0.000e+00, 9.621e+02, 0.000e+00, 4.656e+00, -0.000e+00, -7.538e-01, 0.000e+00
1.650e-02, 1.582e-02, 0.000e+00, 9.607e+02, 0.000e+00, 1.520e+01, -0.000e+00, -1.678e+00, 0.000e+00
1.700e-02, 2.343e-02, 0.000e+00, 9.596e+02, 0.000e+00, 2.249e+01, -0.000e+00, -2.309e+00, 0.000e+00
1.750e-02, 3.078e-02, 0.000e+00, 9.584e+02, 0.000e+00, 2.951e+01, -0.000e+00, -2.909e+00, 0.000e+00
1.800e-02, 3.853e-02, 0.000e+00, 9.570e+02, 0.000e+00, 3.690e+01, -0.000e+00, -3.529e+00, 0.000e+00
1.850e-02, 4.562e-02, 0.000e+00, 9.554e+02, 0.000e+00, 4.362e+01, -0.000e+00, -4.080e+00, 0.000e+00
1.900e-02, 5.053e-02, 0.000e+00, 9.541e+02, 0.000e+00, 4.825e+01, -0.000e+00, -4.447e+00, 0.000e+00
1.950e-02, 5.361e-02, 0.000e+00, 9.530e+02, 0.000e+00, 5.114e+01, -0.000e+00, -4.666e+00, 0.000e+00
2.000e-02, 5.624e-02, 0.000e+00, 9.518e+02, 0.000e+00, 5.359e+01, -0.000e+00, -4.837e+00, 0.000e+00
2.050e-02, 5.788e-02, 0.000e+00, 9.505e+02, 0.000e+00, 5.508e+01, -0.000e+00, -4.915e+00, 0.000e+00
2.100e-02, 5.811e-02, 0.000e+00, 9.493e+02, 0.000e+00, 5.522e+01, -0.000e+00, -4.873e+00, 0.000e+00
2.150e-02, 5.706e-02, 0.000e+00, 9.482e+02, 0.000e+00, 5.417e+01, -0.000e+00, -4.732e+00, 0.000e+00
2.200e-02, 5.537e-02, 0.000e+00, 9.474e+02, 0.000e+00, 5.252e+01, -0.000e+00, -4.549e+00, 0.000e+00
2.250e-02, 5.154e-02, 0.000e+00, 9.463e+02, 0.000e+00, 4.882e+01, -0.000e+00, -4.171e+00, 0.000e+00
2.300e-02, 4.775e-02, 0.000e+00, 9.455e+02, 0.000e+00, 4.519e+01, -0.000e+00, -3.817e+00, 0.000e+00
2.350e-02, 4.160e-02, 0.000e+00, 9.445e+02, 0.000e+00, 3.931e+01, -0.000e+00, -3.259e+00, 0.000e+00
2.400e-02, 3.733e-02, 0.000e+00, 9.439e+02, 0.000e+00, 3.525e+01, -0.000e+00, -2.881e+00, 0.000e+00
2.450e-02, 2.987e-02, 0.000e+00, 9.429e+02, 0.000e+00, 2.817e+01, -0.000e+00, -2.232e+00, 0.000e+00
2.500e-02, 2.321e-02, 0.000e+00, 9.421e+02, 0.000e+00, 2.187e+01, -0.000e+00, -1.663e+00, 0.000e+00
2.550e-02, 1.630e-02, 0.000e+00, 9.412e+02, 0.000e+00, 1.534e+01, -0.000e+00, -1.081e+00, 0.000e+00
2.600e-02, 8.540e-03, 0.000e+00, 9.403e+02, 0.000e+00, 8.030e+00, -0.000e+00, -4.351e-01, 0.000e+00
2.650e-02, 4.935e-04, 0.000e+00, 9.392e+02, 0.000e+00, 4.635e-01, -0.000e+00, 2.251e-01, 0.000e+00
2.700e-02, -9.219e-03, 0.000e+00, 9.378e+02, 0.000e+00, -8.646e+00, -0.000e+00, 1.009e+00, 0.000e+00
2.750e-02, -1.571e-02, 0.000e+00, 9.368e+02, 0.000e+00, -1.472e+01, -0.000e+00, 1.526e+00, 0.000e+00
2.800e-02, -2.107e-02, 0.000e+00, 9.359e+02, 0.000e+00, -1.972e+01, -0.000e+00, 1.946e+00, 0.000e+00
2.850e-02, -2.660e-02, 0.000e+00, 9.349e+02, 0.000e+00, -2.487e+01, -0.000e+00, 2.373e+00, 0.000e+00
2.900e-02, -3.310e-02, 0.000e+00, 9.335e+02, 0.000e+00, -3.091e+01, -0.000e+00, 2.865e+00, 0.000e+00
2.950e-02, -3.659e-02, 0.000e+00, 9.326e+02, 0.000e+00, -3.414e+01, -0.000e+00, 3.123e+00, 0.000e+00
3.000e-02, -4.057e-02, 0.000e+00, 9.314e+02, 0.000e+00, -3.780e+01, -0.000e+00, 3.408e+00, 0.000e+00
3.050e-02, -4.404e-02, 0.000e+00, 9.301e+02, 0.000e+00, -4.099e+01, -0.000e+00, 3.644e+00, 0.000e+00
3.100e-02, -4.603e-02, 0.000e+00, 9.290e+02, 0.000e+00, -4.279e+01, -0.000e+00, 3.765e+00, 0.000e+00
3.150e-02, -4.724e-02, 0.000e+00, 9.279e+02, 0.000e+00, -4.387e+01, -0.000e+00, 3.817e+00, 0.000e+00
3.200e-02, -4.735e-02, 0.000e+00, 9.267e+02, 0.000e+00, -4.391e+01, -0.000e+00, 3.779e+00, 0.000e+00
3.250e-02, -4.642e-02, 0.000e+00, 9.257e+02, 0.000e+00, -4.300e+01, -0.000e+00, 3.663e+00, 0.000e+00
3.300e-02, -4.508e-02, 0.000e+00, 9.249e+02, 0.000e+00, -4.173e+01, -0.000e+00, 3.526e+00, 0.000e+00
3.350e-02, -4.278e-02, 0.000e+00, 9.241e+02, 0.000e+00, -3.956e+01, -0.000e+00, 3.309e+00, 0.000e+00
3.400e-02, -3.908e-02, 0.000e+00, 9.230e+02, 0.000e+00, -3.609e+01, -0.000e+00, 2.977e+00, 0.000e+00
3.450e-02, -3.470e-02, 0.000e+00, 9.221e+02, 0.000e+00, -3.201e+01, -0.000e+00, 2.598e+00, 0.000e+00
3.500e-02, -3.087e-02, 0.000e+00, 9.214e+02, 0.000e+00, -2.846e+01, -0.000e+00, 2.275e+00, 0.000e+00
3.550e-02, -2.495e-02, 0.000e+00, 9.204e+02, 0.000e+00, -2.296e+01, -0.000e+00, 1.783e+00, 0.000e+00
3.600e-02, -1.968e-02, 0.000e+00, 9.195e+02, 0.000e+00, -1.810e+01, -0.000e+00, 1.353e+00, 0.000e+00
3.650e-02, -1.420e-02, 0.000e+00, 9.187e+02, 0.000e+00, -1.305e+01, -0.000e+00, 9.124e-01, 0.000e+00
3.700e-02, -7.947e-03, 0.000e+00, 9.178e+02, 0.000e+00, -7.293e+00, -0.000e+00, 4.157e-01, 0.000e+00
3.750e-02, -1.371e-03, 0.000e+00, 9.167e+02, 0.000e+00, -1.257e+00, -0.000e+00, -9.919e-02, 0.000e+00
3.800e-02, 3.898e-03, 0.000e+00, 9.159e+02, 0.000e+00, 3.570e+00, -0.000e+00, -5.066e-01, 0.000e+00
3.850e-02, 1.083e-02, 0.000e+00, 9.146e+02, 0.000e+00, 9.908e+00, -0.000e+00, -1.035e+00, 0.000e+00
3.900e-02, 1.544e-02, 0.000e+00, 9.138e+02, 0.000e+00, 1.411e+01, -0.000e+00, -1.381e+00, 0.000e+00
3.950e-02, 2.006e-02, 0.000e+00, 9.128e+02, 0.000e+00, 1.831e+01, -0.000e+00, -1.724e+00, 0.000e+00
4.000e-02, 2.503e-02, 0.000e+00, 9.116e+02, 0.000e+00, 2.282e+01, -0.000e+00, -2.085e+00, 0.000e+00
4.050e-02, 2.843e-02, 0.000e+00, 9.107e+02, 0.000e+00, 2.590e+01, -0.000e+00, -2.327e+00, 0.000e+00
4.100e-02, 3.194e-02, 0.000e+00, 9.096e+02, 0.000e+00, 2.906e+01, -0.000e+00, -2.570e+00, 0.000e+00
4.150e-02, 3.507e-02, 0.000e+00, 9.084e+02, 0.000e+00, 3.187e+01, -0.000e+00, -2.777e+00, 0.000e+00
4.200e-02, 3.694e-02, 0.000e+00, 9.074e+02, 0.000e+00, 3.353e+01, -0.000e+00, -2.891e+00, 0.000e+00
4.250e-02, 3.813e-02, 0.000e+00, 9.065e+02, 0.000e+00, 3.458e+01, -0.000e+00, -2.953e+00, 0.000e+00
4.300e-02, 3.867e-02, 0.000e+00, 9.054e+02, 0.000e+00, 3.503e+01, -0.000e+00, -2.961e+00, 0.000e+00
4.350e-02, 3.828e-02, 0.000e+00, 9.042e+02, 0.000e+00, 3.463e+01, -0.000e+00, -2.893e+00, 0.000e+00
4.400e-02, 3.711e-02, 0.000e+00, 9.033e+02, 0.000e+00, 3.354e+01, -0.000e+00, -2.773e+00, 0.000e+00
4.450e-02, 3.568e-02, 0.000e+00, 9.025e+02, 0.000e+00, 3.222e+01, -0.000e+00, -2.641e+00, 0.000e+00
4.500e-02, 3.359e-02, 0.000e+00, 9.017e+02, 0.000e+00, 3.030e+01, -0.000e+00, -2.458e+00, 0.000e+00
4.550e-02, 3.046e-02, 0.000e+00, 9.007e+02, 0.000e+00, 2.744e+01, -0.000e+00, -2.195e+00, 0.000e+00
4.600e-02, 2.761e-02, 0.000e+00, 9.000e+02, 0.000e+00, 2.486e+01, -0.000e+00, -1.963e+00, 0.000e+00
4.650e-02, 2.373e-02, 0.000e+00, 8.991e+02, 0.000e+00, 2.134e+01, -0.000e+00, -1.652e+00, 0.000e+00
4.700e-02, 1.893e-02, 0.000e+00, 8.982e+02, 0.000e+00, 1.700e+01, -0.000e+00, -1.274e+00, 0.000e+00
4.750e-02, 1.467e-02, 0.000e+00, 8.973e+02, 0.000e+00, 1.316e+01, -0.000e+00, -9.449e-01, 0.000e+00
4.800e-02, 1.027e-02, 0.000e+00, 8.965e+02, 0.000e+00, 9.212e+00, -0.000e+00, -6.093e-01, 0.000e+00
4.850e-02, 5.333e-03, 0.000e+00, 8.956e+02, 0.000e+00, 4.776e+00, -0.000e+00, -2.367e-01, 0.000e+00
4.900e-02, 1.608e-04, 0.000e+00, 8.946e+02, 0.000e+00, 1.439e-01, -0.000e+00, 1.482e-01, 0.000e+00
4.950e-02, -4.034e-03, 0.000e+00, 8.938e+02, 0.000e+00, -3.606e+00, -0.000e+00, 4.565e-01, 0.000e+00
5.000e-02, -8.237e-03, 0.000e+00, 8.929e+02, 0.000e+00, -7.355e+00, -0.000e+00, 7.617e-01, 0.000e+00
5.050e-02, -1.344e-02, 0.000e+00, 8.917e+02, 0.000e+00, -1.198e+01, -0.000e+00, 1.134e+00, 0.000e+00
5.100e-02, -1.697e-02, 0.000e+00, 8.909e+02, 0.000e+00, -1.512e+01, -0.000e+00, 1.382e+00, 0.000e+00
5.150e-02, -2.085e-02, 0.000e+00, 8.898e+02, 0.000e+00, -1.856e+01, -0.000e+00, 1.651e+00, 0.000e+00
5.200e-02, -2.348e-02, 0.000e+00, 8.890e+02, 0.000e+00, -2.088e+01, -0.000e+00, 1.829e+00, 0.000e+00
5.250e-02, -2.622e-02, 0.000e+00, 8.880e+02, 0.000e+00, -2.329e+01, -0.000e+00, 2.009e+00, 0.000e+00
5.300e-02, -2.868e-02, 0.000e+00, 8.868e+02, 0.000e+00, -2.545e+01, -0.000e+00, 2.163e+00, 0.000e+00
5.350e-02, -3.015e-02, 0.000e+00, 8.859e+02, 0.000e+00, -2.672e+01, -0.000e+00, 2.248e+00, 0.000e+00
5.400e-02, -3.109e-02, 0.000e+00, 8.850e+02, 0.000e+00, -2.752e+01, -0.000e+00, 2.294e+00, 0.000e+00
5.450e-02, -3.152e-02, 0.000e+00, 8.840e+02, 0.000e+00, -2.788e+01, -0.000e+00, 2.301e+00, 0.000e+00
5.500e-02, -3.119e-02, 0.000e+00, 8.829e+02, 0.000e+00, -2.755e+01, -0.000e+00, 2.246e+00, 0.000e+00
5.550e-02, -3.075e-02, 0.000e+00, 8.823e+02, 0.000e+00, -2.714e+01, -0.000e+00, 2.201e+00, 0.000e+00
5.600e-02, -2.961e-02, 0.000e+00, 8.815e+02, 0.000e+00, -2.611e+01, -0.000e+00, 2.097e+00, 0.000e+00
5.650e-02, -2.767e-02, 0.000e+00, 8.805e+02, 0.000e+00, -2.437e+01, -0.000e+00, 1.934e+00, 0.000e+00
5.700e-02, -2.519e-02, 0.000e+00, 8.796e+02, 0.000e+00, -2.216e+01, -0.000e+00, 1.735e+00, 0.000e+00
5.750e-02, -2.299e-02, 0.000e+00, 8.789e+02, 0.000e+00, -2.021e+01, -0.000e+00, 1.563e+00, 0.000e+00
5.800e-02, -1.994e-02, 0.000e+00, 8.780e+02, 0.000e+00, -1.751e+01, -0.000e+00, 1.329e+00, 0.000e+00
5.850e-02, -1.613e-02, 0.000e+00, 8.770e+02, 0.000e+00, -1.415e+01, -0.000e+00, 1.043e+00, 0.000e+00
5.900e-02, -1.278e-02, 0.000e+00, 8.762e+02, 0.000e+00, -1.120e+01, -0.000e+00, 7.947e-01, 0.000e+00
5.950e-02, -9.300e-03, 0.000e+00, 8.754e+02, 0.000e+00, -8.141e+00, -0.000e+00, 5.406e-01, 0.000e+00
6.000e-02, -5.295e-03, 0.000e+00, 8.745e+02, 0.000e+00, -4.630e+00, -0.000e+00, 2.519e-01, 0.000e+00
6.050e-02, -1.042e-03, 0.000e+00, 8.735e+02, 0.000e+00, -9.105e-01, -0.000e+00, -5.056e-02, 0.000e+00
6.100e-02, 2.517e-03, 0.000e+00, 8.727e+02, 0.000e+00, 2.196e+00, -0.000e+00, -3.005e-01, 0.000e+00
6.150e-02, 6.512e-03, 0.000e+00, 8.717e+02, 0.000e+00, 5.677e+00, -0.000e+00, -5.775e-01, 0.000e+00
6.200e-02, 9.459e-03, 0.000e+00, 8.709e+02, 0.000e+00, 8.239e+00, -0.000e+00, -7.792e-01, 0.000e+00
6.250e-02, 1.246e-02, 0.000e+00, 8.701e+02, 0.000e+00, 1.084e+01, -0.000e+00, -9.818e-01, 0.000e+00
6.300e-02, 1.571e-02, 0.000e+00, 8.691e+02, 0.000e+00, 1.366e+01, -0.000e+00, -1.198e+00, 0.000e+00
6.350e-02, 1.796e-02, 0.000e+00, 8.684e+02, 0.000e+00, 1.560e+01, -0.000e+00, -1.344e+00, 0.000e+00
6.400e-02, 2.040e-02, 0.000e+00, 8.674e+02, 0.000e+00, 1.770e+01, -0.000e+00, -1.500e+00, 0.000e+00
6.450e-02, 2.232e-02, 0.000e+00, 8.665e+02, 0.000e+00, 1.934e+01, -0.000e+00, -1.618e+00, 0.000e+00
6.500e-02, 2.402e-02, 0.000e+00, 8.654e+02, 0.000e+00, 2.079e+01, -0.000e+00, -1.717e+00, 0.000e+00
6.550e-02, 2.499e-02, 0.000e+00, 8.646e+02, 0.000e+00, 2.161e+01, -0.000e+00, -1.767e+00, 0.000e+00
6.600e-02, 2.555e-02, 0.000e+00, 8.638e+02, 0.000e+00, 2.208e+01, -0.000e+00, -1.789e+00, 0.000e+00
6.650e-02, 2.570e-02, 0.000e+00, 8.628e+02, 0.000e+00, 2.218e+01, -0.000e+00, -1.781e+00, 0.000e+00
6.700e-02, 2.519e-02, 0.000e+00, 8.617e+02, 0.000e+00, 2.171e+01, -0.000e+00, -1.721e+00, 0.000e+00
6.750e-02, 2.463e-02, 0.000e+00, 8.611e+02, 0.000e+00, 2.122e+01, -0.000e+00, -1.671e+00, 0.000e+00
6.800e-02, 2.363e-02, 0.000e+00, 8.604e+02, 0.000e+00, 2.033e+01, -0.000e+00, -1.587e+00, 0.000e+00
6.850e-02, 2.191e-02, 0.000e+00, 8.594e+02, 0.000e+00, 1.883e+01, -0.000e+00, -1.452e+00, 0.000e+00
6.900e-02, 2.047e-02, 0.000e+00, 8.588e+02, 0.000e+00, 1.758e+01, -0.000e+00, -1.343e+00, 0.000e+00
6.950e-02, 1.807e-02, 0.000e+00, 8.579e+02, 0.000e+00, 1.551e+01, -0.000e+00, -1.165e+00, 0.000e+00
7.000e-02, 1.563e-02, 0.000e+00, 8.570e+02, 0.000e+00, 1.340e+01, -0.000e+00, -9.870e-01, 0.000e+00
7.050e-02, 1.256e-02, 0.000e+00, 8.561e+02, 0.000e+00, 1.075e+01, -0.000e+00, -7.680e-01, 0.000e+00
7.100e-02, 9.864e-03, 0.000e+00, 8.553e+02, 0.000e+00, 8.437e+00, -0.000e+00, -5.784e-01, 0.000e+00
7.150e-02, 7.079e-03, 0.000e+00, 8.545e+02, 0.000e+00, 6.050e+00, -0.000e+00, -3.851e-01, 0.000e+00
7.200e-02, 4.582e-03, 0.000e+00, 8.538e+02, 0.000e+00, 3.912e+00, -0.000e+00, -2.136e-01, 0.000e+00
7.250e-02, 4.946e-04, 0.000e+00, 8.527e+02, 0.000e+00, 4.217e-01, -0.000e+00, 6.352e-02, 0.000e+00
7.300e-02, -2.426e-03, 0.000e+00, 8.519e+02, 0.000e+00, -2.067e+00, -0.000e+00, 2.588e-01, 0.000e+00
7.350e-02, -4.490e-03, 0.000e+00, 8.513e+02, 0.000e+00, -3.822e+00, -0.000e+00, 3.953e-01, 0.000e+00
7.400e-02, -7.211e-03, 0.000e+00, 8.505e+02, 0.000e+00, -6.133e+00, -0.000e+00, 5.734e-01, 0.000e+00
7.450e-02, -1.024e-02, 0.000e+00, 8.495e+02, 0.000e+00, -8.702e+00, -0.000e+00, 7.689e-01, 0.000e+00
7.500e-02, -1.283e-02, 0.000e+00, 8.486e+02, 0.000e+00, -1.088e+01, -0.000e+00, 9.323e-01, 0.000e+00
7.550e-02, -1.460e-02, 0.000e+00, 8.478e+02, 0.000e+00, -1.238e+01, -0.000e+00, 1.042e+00, 0.000e+00
7.600e-02, -1.656e-02, 0.000e+00, 8.469e+02, 0.000e+00, -1.403e+01, -0.000e+00, 1.162e+00, 0.000e+00
7.650e-02, -1.810e-02, 0.000e+00, 8.461e+02, 0.000e+00, -1.532e+01, -0.000e+00, 1.252e+00, 0.000e+00
7.700e-02, -1.951e-02, 0.000e+00, 8.451e+02, 0.000e+00, -1.649e+01, -0.000e+00, 1.330e+00, 0.000e+00
7.750e-02, -2.031e-02, 0.000e+00, 8.443e+02, 0.000e+00, -1.715e+01, -0.000e+00, 1.371e+00, 0.000e+00
7.800e-02, -2.079e-02, 0.000e+00, 8.435e+02, 0.000e+00, -1.754e+01, -0.000e+00, 1.389e+00, 0.000e+00
7.850e-02, -2.095e-02, 0.000e+00, 8.428e+02, 0.000e+00, -1.766e+01, -0.000e+00, 1.389e+00, 0.000e+00
7.900e-02, -2.084e-02, 0.000e+00, 8.420e+02, 0.000e+00, -1.755e+01, -0.000e+00, 1.368e+00, 0.000e+00
7.950e-02, -2.039e-02, 0.000e+00, 8.412e+02, 0.000e+00, -1.715e+01, -0.000e+00, 1.325e+00, 0.000e+00
8.000e-02, -1.949e-02, 0.000e+00, 8.403e+02, 0.000e+00, -1.638e+01, -0.000e+00, 1.252e+00, 0.000e+00
8.050e-02, -1.820e-02, 0.000e+00, 8.394e+02, 0.000e+00, -1.528e+01, -0.000e+00, 1.154e+00, 0.000e+00
8.100e-02, -1.713e-02, 0.000e+00, 8.387e+02, 0.000e+00, -1.437e+01, -0.000e+00, 1.075e+00, 0.000e+00
8.150e-02, -1.529e-02, 0.000e+00, 8.379e+02, 0.000e+00, -1.281e+01, -0.000e+00, 9.447e-01, 0.000e+00
8.200e-02, -1.338e-02, 0.000e+00, 8.371e+02, 0.000e+00, -1.120e+01, -0.000e+00, 8.115e-01, 0.000e+00
8.250e-02, -1.165e-02, 0.000e+00, 8.364e+02, 0.000e+00, -9.747e+00, -0.000e+00, 6.931e-01, 0.000e+00
8.300e-02, -8.851e-03, 0.000e+00, 8.354e+02, 0.000e+00, -7.394e+00, -0.000e+00, 5.040e-01, 0.000e+00
8.350e-02, -6.655e-03, 0.000e+00, 8.346e+02, 0.000e+00, -5.554e+00, -0.000e+00, 3.579e-01, 0.000e+00
8.400e-02, -4.653e-03, 0.000e+00, 8.340e+02, 0.000e+00, -3.881e+00, -0.000e+00, 2.262e-01, 0.000e+00
8.450e-02, -2.324e-03, 0.000e+00, 8.332e+02, 0.000e+00, -1.936e+00, -0.000e+00, 7.466e-02, 0.000e+00
8.500e-02, 1.015e-03, 0.000e+00, 8.321e+02, 0.000e+00, 8.446e-01, -0.000e+00, -1.397e-01, 0.000e+00
8.550e-02, 3.052e-03, 0.000e+00, 8.314e+02, 0.000e+00, 2.537e+00, -0.000e+00, -2.687e-01, 0.000e+00
8.600e-02, 5.120e-03, 0.000e+00, 8.307e+02, 0.000e+00, 4.253e+00, -0.000e+00, -3.982e-01, 0.000e+00
8.650e-02, 7.056e-03, 0.000e+00, 8.299e+02, 0.000e+00, 5.856e+00, -0.000e+00, -5.180e-01, 0.000e+00
8.700e-02, 9.323e-03, 0.000e+00, 8.290e+02, 0.000e+00, 7.729e+00, -0.000e+00, -6.563e-01, 0.000e+00
8.750e-02, 1.074e-02, 0.000e+00, 8.284e+02, 0.000e+00, 8.899e+00, -0.000e+00, -7.414e-01, 0.000e+00
8.800e-02, 1.257e-02, 0.000e+00, 8.275e+02, 0.000e+00, 1.040e+01, -0.000e+00, -8.491e-01, 0.000e+00
8.850e-02, 1.401e-02, 0.000e+00, 8.266e+02, 0.000e+00, 1.158e+01, -0.000e+00, -9.313e-01, 0.000e+00
8.900e-02, 1.514e-02, 0.000e+00, 8.259e+02, 0.000e+00, 1.250e+01, -0.000e+00, -9.938e-01, 0.000e+00
8.950e-02, 1.591e-02, 0.000e+00, 8.252e+02, 0.000e+00, 1.313e+01, -0.000e+00, -1.034e+00, 0.000e+00
9.000e-02, 1.671e-02, 0.000e+00, 8.242e+02, 0.000e+00, 1.377e+01, -0.000e+00, -1.072e+00, 0.000e+00
9.050e-02, 1.702e-02, 0.000e+00, 8.234e+02, 0.000e+00, 1.401e+01, -0.000e+00, -1.081e+00, 0.000e+00
9.100e-02, 1.709e-02, 0.000e+00, 8.227e+02, 0.000e+00, 1.406e+01, -0.000e+00, -1.077e+00, 0.000e+00
9.150e-02, 1.693e-02, 0.000e+00, 8.220e+02, 0.000e+00, 1.392e+01, -0.000e+00, -1.057e+00, 0.000e+00
9.200e-02, 1.647e-02, 0.000e+00, 8.211e+02, 0.000e+00, 1.353e+01, -0.000e+00, -1.017e+00, 0.000e+00
9.250e-02, 1.569e-02, 0.000e+00, 8.203e+02, 0.000e+00, 1.287e+01, -0.000e+00, -9.583e-01, 0.000e+00
9.300e-02, 1.495e-02, 0.000e+00, 8.197e+02, 0.000e+00, 1.225e+01, -0.000e+00, -9.045e-01, 0.000e+00
9.350e-02, 1.377e-02, 0.000e+00, 8.189e+02, 0.000e+00, 1.127e+01, -0.000e+00, -8.220e-01, 0.000e+00
9.400e-02, 1.228e-02, 0.000e+00, 8.180e+02, 0.000e+00, 1.004e+01, -0.000e+00, -7.212e-01, 0.000e+00
9.450e-02, 1.076e-02, 0.000e+00, 8.172e+02, 0.000e+00, 8.791e+00, -0.000e+00, -6.205e-01, 0.000e+00
9.500e-02, 9.393e-03, 0.000e+00, 8.166e+02, 0.000e+00, 7.671e+00, -0.000e+00, -5.315e-01, 0.000e+00
9.550e-02, 7.724e-03, 0.000e+00, 8.159e+02, 0.000e+00, 6.302e+00, -0.000e+00, -4.239e-01, 0.000e+00
9.600e-02, 5.384e-03, 0.000e+00, 8.149e+02, 0.000e+00, 4.388e+00, -0.000e+00, -2.753e-01, 0.000e+00
9.650e-02, 3.600e-03, 0.000e+00, 8.142e+02, 0.000e+00, 2.931e+00, -0.000e+00, -1.635e-01, 0.000e+00
9.700e-02, 1.933e-03, 0.000e+00, 8.136e+02, 0.000e+00, 1.572e+00, -0.000e+00, -6.007e-02, 0.000e+00
9.750e-02, -8.229e-04, 0.000e+00, 8.125e+02, 0.000e+00, -6.685e-01, -0.000e+00, 1.086e-01, 0.000e+00
9.800e-02, -2.528e-03, 0.000e+00, 8.118e+02, 0.000e+00, -2.052e+00, -0.000e+00, 2.115e-01, 0.000e+00
9.850e-02, -3.529e-03, 0.000e+00, 8.113e+02, 0.000e+00, -2.863e+00, -0.000e+00, 2.714e-01, 0.000e+00
9.900e-02, -5.523e-03, 0.000e+00, 8.105e+02, 0.000e+00, -4.476e+00, -0.000e+00, 3.895e-01, 0.000e+00
9.950e-02, -7.353e-03, 0.000e+00, 8.096e+02, 0.000e+00, -5.953e+00, -0.000e+00, 4.961e-01, 0.000e+00
1.000e-01, -8.491e-03, 0.000e+00, 8.090e+02, 0.000e+00, -6.869e+00, -0.000e+00, 5.614e-01, 0.000e+00
1.005e-01, -9.987e-03, 0.000e+00, 8.081e+02, 0.000e+00, -8.071e+00, -0.000e+00, 6.457e-01, 0.000e+00
1.010e-01, -1.119e-02, 0.000e+00, 8.073e+02, 0.000e+00, -9.035e+00, -0.000e+00, 7.119e-01, 0.000e+00
1.015e-01, -1.214e-02, 0.000e+00, 8.066e+02, 0.000e+00, -9.790e+00, -0.000e+00, 7.622e-01, 0.000e+00
1.020e-01, -1.289e-02, 0.000e+00, 8.058e+02, 0.000e+00, -1.038e+01, -0.000e+00, 8.000e-01, 0.000e+00
1.025e-01, -1.337e-02, 0.000e+00, 8.052e+02, 0.000e+00, -1.076e+01, -0.000e+00, 8.225e-01, 0.000e+00
1.030e-01, -1.374e-02, 0.000e+00, 8.045e+02, 0.000e+00, -1.105e+01, -0.000e+00, 8.372e-01, 0.000e+00
1.035e-01, -1.392e-02, 0.000e+00, 8.035e+02, 0.000e+00, -1.119e+01, -0.000e+00, 8.383e-01, 0.000e+00
1.040e-01, -1.386e-02, 0.000e+00, 8.029e+02, 0.000e+00, -1.113e+01, -0.000e+00, 8.282e-01, 0.000e+00
1.045e-01, -1.358e-02, 0.000e+00, 8.021e+02, 0.000e+00, -1.089e+01, -0.000e+00, 8.031e-01, 0.000e+00
1.050e-01, -1.305e-02, 0.000e+00, 8.013e+02, 0.000e+00, -1.046e+01, -0.000e+00, 7.632e-01, 0.000e+00
1.055e-01, -1.252e-02, 0.000e+00, 8.007e+02, 0.000e+00, -1.002e+01, -0.000e+00, 7.261e-01, 0.000e+00
1.060e-01, -1.166e-02, 0.000e+00, 7.999e+02, 0.000e+00, -9.325e+00, -0.000e+00, 6.680e-01, 0.000e+00
1.065e-01, -1.055e-02, 0.000e+00, 7.991e+02, 0.000e+00, -8.428e+00, -0.000e+00, 5.955e-01, 0.000e+00
1.070e-01, -9.374e-03, 0.000e+00, 7.984e+02, 0.000e+00, -7.484e+00, -0.000e+00, 5.207e-01, 0.000e+00
1.075e-01, -8.325e-03, 0.000e+00, 7.977e+02, 0.000e+00, -6.641e+00, -0.000e+00, 4.549e-01, 0.000e+00
1.080e-01, -7.038e-03, 0.000e+00, 7.970e+02, 0.000e+00, -5.610e+00, -0.000e+00, 3.753e-01, 0.000e+00
1.085e-01, -5.678e-03, 0.000e+00, 7.964e+02, 0.000e+00, -4.522e+00, -0.000e+00, 2.922e-01, 0.000e+00
1.090e-01, -3.780e-03, 0.000e+00, 7.954e+02, 0.000e+00, -3.007e+00, -0.000e+00, 1.778e-01, 0.000e+00
1.095e-01, -2.524e-03, 0.000e+00, 7.948e+02, 0.000e+00, -2.006e+00, -0.000e+00, 1.030e-01, 0.000e+00
1.100e-01, -1.033e-03, 0.000e+00, 7.941e+02, 0.000e+00, -8.204e-01, -0.000e+00, 1.516e-02, 0.000e+00
1.105e-01, 1.164e-03, 0.000e+00, 7.931e+02, 0.000e+00, 9.228e-01, -0.000e+00, -1.125e-01, 0.000e+00
1.110e-01, 2.051e-03, 0.000e+00, 7.926e+02, 0.000e+00, 1.626e+00, -0.000e+00, -1.635e-01, 0.000e+00
1.115e-01, 3.396e-03, 0.000e+00, 7.919e+02, 0.000e+00, 2.689e+00, -0.000e+00, -2.401e-01, 0.000e+00
1.120e-01, 4.929e-03, 0.000e+00, 7.911e+02, 0.000e+00, 3.900e+00, -0.000e+00, -3.263e-01, 0.000e+00
1.125e-01, 5.957e-03, 0.000e+00, 7.905e+02, 0.000e+00, 4.710e+00, -0.000e+00, -3.833e-01, 0.000e+00
1.130e-01, 7.197e-03, 0.000e+00, 7.898e+02, 0.000e+00, 5.684e+00, -0.000e+00, -4.510e-01, 0.000e+00
1.135e-01, 8.354e-03, 0.000e+00, 7.889e+02, 0.000e+00, 6.591e+00, -0.000e+00, -5.129e-01, 0.000e+00
1.140e-01, 9.278e-03, 0.000e+00, 7.882e+02, 0.000e+00, 7.313e+00, -0.000e+00, -5.610e-01, 0.000e+00
1.145e-01, 1.001e-02, 0.000e+00, 7.875e+02, 0.000e+00, 7.879e+00, -0.000e+00, -5.976e-01, 0.000e+00
1.150e-01, 1.058e-02, 0.000e+00, 7.868e+02, 0.000e+00, 8.324e+00, -0.000e+00, -6.250e-01, 0.000e+00
1.155e-01, 1.095e-02, 0.000e+00, 7.862e+02, 0.000e+00, 8.605e+00, -0.000e+00, -6.411e-01, 0.000e+00
1.160e-01, 1.122e-02, 0.000e+00, 7.855e+02, 0.000e+00, 8.816e+00, -0.000e+00, -6.513e-01, 0.000e+00
1.165e-01, 1.135e-02, 0.000e+00, 7.848e+02, 0.000e+00, 8.906e+00, -0.000e+00, -6.527e-01, 0.000e+00
1.170e-01, 1.130e-02, 0.000e+00, 7.839e+02, 0.000e+00, 8.857e+00, -0.000e+00, -6.428e-01, 0.000e+00
1.175e-01, 1.105e-02, 0.000e+00, 7.832e+02, 0.000e+00, 8.653e+00, -0.000e+00, -6.222e-01, 0.000e+00
1.180e-01, 1.078e-02, 0.000e+00, 7.826e+02, 0.000e+00, 8.434e+00, -0.000e+00, -6.025e-01, 0.000e+00
1.185e-01, 1.021e-02, 0.000e+00, 7.819e+02, 0.000e+00, 7.986e+00, -0.000e+00, -5.646e-01, 0.000e+00
1.190e-01, 9.534e-03, 0.000e+00, 7.811e+02, 0.000e+00, 7.448e+00, -0.000e+00, -5.209e-01, 0.000e+00
1.195e-01, 8.656e-03, 0.000e+00, 7.803e+02, 0.000e+00, 6.755e+00, -0.000e+00, -4.662e-01, 0.000e+00
1.200e-01, 7.737e-03, 0.000e+00, 7.796e+02, 0.000e+00, 6.032e+00, -0.000e+00, -4.102e-01, 0.000e+00
1.205e-01, 6.920e-03, 0.000e+00, 7.790e+02, 0.000e+00, 5.391e+00, -0.000e+00, -3.612e-01, 0.000e+00
1.210e-01, 5.905e-03, 0.000e+00, 7.784e+02, 0.000e+00, 4.597e+00, -0.000e+00, -3.012e-01, 0.000e+00
1.215e-01, 4.831e-03, 0.000e+00, 7.777e+02, 0.000e+00, 3.757e+00, -0.000e+00, -2.385e-01, 0.000e+00
1.220e-01, 3.713e-03, 0.000e+00, 7.771e+02, 0.000e+00, 2.885e+00, -0.000e+00, -1.740e-01, 0.000e+00
1.225e-01, 2.305e-03, 0.000e+00, 7.762e+02, 0.000e+00, 1.789e+00, -0.000e+00, -9.374e-02, 0.000e+00
1.230e-01, 1.268e-03, 0.000e+00, 7.756e+02, 0.000e+00, 9.834e-01, -0.000e+00, -3.529e-02, 0.000e+00
1.235e-01, 4.280e-05, 0.000e+00, 7.749e+02, 0.000e+00, 3.317e-02, -0.000e+00, 3.305e-02, 0.000e+00
1.240e-01, -1.271e-03, 0.000e+00, 7.742e+02, 0.000e+00, -9.843e-01, -0.000e+00, 1.055e-01, 0.000e+00
1.245e-01, -2.362e-03, 0.000e+00, 7.735e+02, 0.000e+00, -1.827e+00, -0.000e+00, 1.650e-01, 0.000e+00
1.250e-01, -3.611e-03, 0.000e+00, 7.727e+02, 0.000e+00, -2.791e+00, -0.000e+00, 2.322e-01, 0.000e+00
1.255e-01, -4.457e-03, 0.000e+00, 7.722e+02, 0.000e+00, -3.442e+00, -0.000e+00, 2.772e-01, 0.000e+00
1.260e-01, -5.481e-03, 0.000e+00, 7.715e+02, 0.000e+00, -4.229e+00, -0.000e+00, 3.309e-01, 0.000e+00
1.265e-01, -6.454e-03, 0.000e+00, 7.707e+02, 0.000e+00, -4.974e+00, -0.000e+00, 3.809e-01, 0.000e+00
1.270e-01, -7.249e-03, 0.000e+00, 7.699e+02, 0.000e+00, -5.581e+00, -0.000e+00, 4.209e-01, 0.000e+00
1.275e-01, -7.898e-03, 0.000e+00, 7.692e+02, 0.000e+00, -6.075e+00, -0.000e+00, 4.525e-01, 0.000e+00
1.280e-01, -8.411e-03, 0.000e+00, 7.686e+02, 0.000e+00, -6.465e+00, -0.000e+00, 4.766e-01, 0.000e+00
1.285e-01, -8.805e-03, 0.000e+00, 7.679e+02, 0.000e+00, -6.761e+00, -0.000e+00, 4.938e-01, 0.000e+00
1.290e-01, -9.043e-03, 0.000e+00, 7.673e+02, 0.000e+00, -6.939e+00, -0.000e+00, 5.031e-01, 0.000e+00
1.295e-01, -9.206e-03, 0.000e+00, 7.667e+02, 0.000e+00, -7.058e+00, -0.000e+00, 5.076e-01, 0.000e+00
1.300e-01, -9.249e-03, 0.000e+00, 7.660e+02, 0.000e+00, -7.085e+00, -0.000e+00, 5.055e-01, 0.000e+00
1.305e-01, -9.175e-03, 0.000e+00, 7.654e+02, 0.000e+00, -7.023e+00, -0.000e+00, 4.972e-01, 0.000e+00
1.310e-01, -8.971e-03, 0.000e+00, 7.647e+02, 0.000e+00, -6.860e+00, -0.000e+00, 4.815e-01, 0.000e+00
1.315e-01, -8.625e-03, 0.000e+00, 7.639e+02, 0.000e+00, -6.589e+00, -0.000e+00, 4.583e-01, 0.000e+00
1.320e-01, -8.135e-03, 0.000e+00, 7.632e+02, 0.000e+00, -6.209e+00, -0.000e+00, 4.274e-01, 0.000e+00
1.325e-01, -7.558e-03, 0.000e+00, 7.625e+02, 0.000e+00, -5.763e+00, -0.000e+00, 3.924e-01, 0.000e+00
1.330e-01, -6.826e-03, 0.000e+00, 7.618e+02, 0.000e+00, -5.200e+00, -0.000e+00, 3.492e-01, 0.000e+00
1.335e-01, -6.090e-03, 0.000e+00, 7.611e+02, 0.000e+00, -4.635e+00, -0.000e+00, 3.067e-01, 0.000e+00
1.340e-01, -5.440e-03, 0.000e+00, 7.606e+02, 0.000e+00, -4.138e+00, -0.000e+00, 2.697e-01, 0.000e+00
1.345e-01, -4.621e-03, 0.000e+00, 7.599e+02, 0.000e+00, -3.511e+00, -0.000e+00, 2.236e-01, 0.000e+00
1.350e-01, -3.756e-03, 0.000e+00, 7.593e+02, 0.000e+00, -2.852e+00, -0.000e+00, 1.757e-01, 0.000e+00
1.355e-01, -2.860e-03, 0.000e+00, 7.586e+02, 0.000e+00, -2.170e+00, -0.000e+00, 1.265e-01, 0.000e+00
1.360e-01, -1.729e-03, 0.000e+00, 7.579e+02, 0.000e+00, -1.310e+00, -0.000e+00, 6.509e-02, 0.000e+00
1.365e-01, -9.028e-04, 0.000e+00, 7.573e+02, 0.000e+00, -6.837e-01, -0.000e+00, 2.077e-02, 0.000e+00
1.370e-01, -3.836e-05, 0.000e+00, 7.567e+02, 0.000e+00, -2.903e-02, -0.000e+00, -2.518e-02, 0.000e+00
1.375e-01, 9.428e-04, 0.000e+00, 7.560e+02, 0.000e+00, 7.128e-01, -0.000e+00, -7.681e-02, 0.000e+00
1.380e-01, 2.009e-03, 0.000e+00, 7.553e+02, 0.000e+00, 1.518e+00, -0.000e+00, -1.323e-01, 0.000e+00
1.385e-01, 2.991e-03, 0.000e+00, 7.545e+02, 0.000e+00, 2.257e+00, -0.000e+00, -1.826e-01, 0.000e+00
1.390e-01, 3.647e-03, 0.000e+00, 7.540e+02, 0.000e+00, 2.750e+00, -0.000e+00, -2.159e-01, 0.000e+00
1.395e-01, 4.461e-03, 0.000e+00, 7.533e+02, 0.000e+00, 3.360e+00, -0.000e+00, -2.565e-01, 0.000e+00
1.400e-01, 5.238e-03, 0.000e+00, 7.526e+02, 0.000e+00, 3.942e+00, -0.000e+00, -2.947e-01, 0.000e+00
1.405e-01, 5.875e-03, 0.000e+00, 7.519e+02, 0.000e+00, 4.417e+00, -0.000e+00, -3.253e-01, 0.000e+00
1.410e-01, 6.405e-03, 0.000e+00, 7.512e+02, 0.000e+00, 4.811e+00, -0.000e+00, -3.500e-01, 0.000e+00
1.415e-01, 6.824e-03, 0.000e+00, 7.506e+02, 0.000e+00, 5.121e+00, -0.000e+00, -3.687e-01, 0.000e+00
1.420e-01, 7.148e-03, 0.000e+00, 7.499e+02, 0.000e+00, 5.361e+00, -0.000e+00, -3.824e-01, 0.000e+00
1.425e-01, 7.378e-03, 0.000e+00, 7.493e+02, 0.000e+00, 5.528e+00, -0.000e+00, -3.911e-01, 0.000e+00
1.430e-01, 7.496e-03, 0.000e+00, 7.487e+02, 0.000e+00, 5.613e+00, -0.000e+00, -3.943e-01, 0.000e+00
1.435e-01, 7.547e-03, 0.000e+00, 7.481e+02, 0.000e+00, 5.646e+00, -0.000e+00, -3.936e-01, 0.000e+00
1.440e-01, 7.506e-03, 0.000e+00, 7.475e+02, 0.000e+00, 5.610e+00, -0.000e+00, -3.882e-01, 0.000e+00
1.445e-01, 7.366e-03, 0.000e+00, 7.468e+02, 0.000e+00, 5.501e+00, -0.000e+00, -3.775e-01, 0.000e+00
1.450e-01, 7.116e-03, 0.000e+00, 7.461e+02, 0.000e+00, 5.310e+00, -0.000e+00, -3.612e-01, 0.000e+00
1.455e-01, 6.751e-03, 0.000e+00, 7.454e+02, 0.000e+00, 5.032e+00, -0.000e+00, -3.389e-01, 0.000e+00
1.460e-01, 6.312e-03, 0.000e+00, 7.448e+02, 0.000e+00, 4.701e+00, -0.000e+00, -3.133e-01, 0.000e+00
1.465e-01, 5.753e-03, 0.000e+00, 7.440e+02, 0.000e+00, 4.280e+00, -0.000e+00, -2.816e-01, 0.000e+00
1.470e-01, 5.186e-03, 0.000e+00, 7.434e+02, 0.000e+00, 3.855e+00, -0.000e+00, -2.502e-01, 0.000e+00
1.475e-01, 4.689e-03, 0.000e+00, 7.429e+02, 0.000e+00, 3.483e+00, -0.000e+00, -2.231e-01, 0.000e+00
1.480e-01, 4.053e-03, 0.000e+00, 7.423e+02, 0.000e+00, 3.008e+00, -0.000e+00, -1.888e-01, 0.000e+00
1.485e-01, 3.378e-03, 0.000e+00, 7.417e+02, 0.000e+00, 2.506e+00, -0.000e+00, -1.529e-01, 0.000e+00
1.490e-01, 2.674e-03, 0.000e+00, 7.411e+02, 0.000e+00, 1.982e+00, -0.000e+00, -1.159e-01, 0.000e+00
1.495e-01, 1.951e-03, 0.000e+00, 7.405e+02, 0.000e+00, 1.445e+00, -0.000e+00, -7.823e-02, 0.000e+00
1.500e-01, 1.045e-03, 0.000e+00, 7.397e+02, 0.000e+00, 7.729e-01, -0.000e+00, -3.159e-02, 0.000e+00
1.505e-01, 4.894e-04, 0.000e+00, 7.393e+02, 0.000e+00, 3.618e-01, -0.000e+00, -3.288e-03, 0.000e+00
1.510e-01, -2.754e-04, 0.000e+00, 7.386e+02, 0.000e+00, -2.034e-01, -0.000e+00, 3.534e-02, 0.000e+00
1.515e-01, -1.162e-03, 0.000e+00, 7.379e+02, 0.000e+00, -8.577e-01, -0.000e+00, 7.962e-02, 0.000e+00
1.520e-01, -1.972e-03, 0.000e+00, 7.372e+02, 0.000e+00, -1.453e+00, -0.000e+00, 1.195e-01, 0.000e+00
1.525e-01, -2.524e-03, 0.000e+00, 7.367e+02, 0.000e+00, -1.859e+00, -0.000e+00, 1.464e-01, 0.000e+00
1.530e-01, -3.206e-03, 0.000e+00, 7.360e+02, 0.000e+00, -2.360e+00, -0.000e+00, 1.793e-01, 0.000e+00
1.535e-01, -3.832e-03, 0.000e+00, 7.354e+02, 0.000e+00, -2.818e+00, -0.000e+00, 2.089e-01, 0.000e+00
1.540e-01, -4.427e-03, 0.000e+00, 7.347e+02, 0.000e+00, -3.252e+00, -0.000e+00, 2.366e-01, 0.000e+00
1.545e-01, -4.913e-03, 0.000e+00, 7.340e+02, 0.000e+00, -3.606e+00, -0.000e+00, 2.587e-01, 0.000e+00
1.550e-01, -5.458e-03, 0.000e+00, 7.331e+02, 0.000e+00, -4.001e+00, -0.000e+00, 2.825e-01, 0.000e+00
1.555e-01, -5.740e-03, 0.000e+00, 7.325e+02, 0.000e+00, -4.204e+00, -0.000e+00, 2.941e-01, 0.000e+00
1.560e-01, -5.868e-03, 0.000e+00, 7.321e+02, 0.000e+00, -4.296e+00, -0.000e+00, 2.991e-01, 0.000e+00
1.565e-01, -6.034e-03, 0.000e+00, 7.315e+02, 0.000e+00, -4.414e+00, -0.000e+00, 3.048e-01, 0.000e+00
1.570e-01, -6.121e-03, 0.000e+00, 7.310e+02, 0.000e+00, -4.474e+00, -0.000e+00, 3.067e-01, 0.000e+00
1.575e-01, -6.144e-03, 0.000e+00, 7.304e+02, 0.000e+00, -4.487e+00, -0.000e+00, 3.054e-01, 0.000e+00
1.580e-01, -6.098e-03, 0.000e+00, 7.298e+02, 0.000e+00, -4.450e+00, -0.000e+00, 3.006e-01, 0.000e+00
1.585e-01, -5.976e-03, 0.000e+00, 7.292e+02, 0.000e+00, -4.358e+00, -0.000e+00, 2.920e-01, 0.000e+00
1.590e-01, -5.757e-03, 0.000e+00, 7.285e+02, 0.000e+00, -4.194e+00, -0.000e+00, 2.785e-01, 0.000e+00
1.595e-01, -5.475e-03, 0.000e+00, 7.278e+02, 0.000e+00, -3.985e+00, -0.000e+00, 2.622e-01, 0.000e+00
1.600e-01, -5.270e-03, 0.000e+00, 7.275e+02, 0.000e+00, -3.834e+00, -0.000e+00, 2.508e-01, 0.000e+00
1.605e-01, -4.882e-03, 0.000e+00, 7.268e+02, 0.000e+00, -3.548e+00, -0.000e+00, 2.296e-01, 0.000e+00
1.610e-01, -4.460e-03, 0.000e+00, 7.262e+02, 0.000e+00, -3.239e+00, -0.000e+00, 2.071e-01, 0.000e+00
1.615e-01, -3.836e-03, 0.000e+00, 7.254e+02, 0.000e+00, -2.783e+00, -0.000e+00, 1.744e-01, 0.000e+00
1.620e-01, -3.332e-03, 0.000e+00, 7.249e+02, 0.000e+00, -2.415e+00, -0.000e+00, 1.485e-01, 0.000e+00
1.625e-01, -2.797e-03, 0.000e+00, 7.243e+02, 0.000e+00, -2.026e+00, -0.000e+00, 1.214e-01, 0.000e+00
1.630e-01, -2.238e-03, 0.000e+00, 7.237e+02, 0.000e+00, -1.619e+00, -0.000e+00, 9.328e-02, 0.000e+00
1.635e-01, -1.662e-03, 0.000e+00, 7.231e+02, 0.000e+00, -1.202e+00, -0.000e+00, 6.468e-02, 0.000e+00
1.640e-01, -1.118e-03, 0.000e+00, 7.226e+02, 0.000e+00, -8.079e-01, -0.000e+00, 3.790e-02, 0.000e+00
1.645e-01, -4.935e-04, 0.000e+00, 7.220e+02, 0.000e+00, -3.563e-01, -0.000e+00, 7.462e-03, 0.000e+00
1.650e-01, 1.437e-04, 0.000e+00, 7.213e+02, 0.000e+00, 1.036e-01, -0.000e+00, -2.327e-02, 0.000e+00
1.655e-01, 8.226e-04, 0.000e+00, 7.207e+02, 0.000e+00, 5.928e-01, -0.000e+00, -5.565e-02, 0.000e+00
1.660e-01, 1.271e-03, 0.000e+00, 7.202e+02, 0.000e+00, 9.154e-01, -0.000e+00, -7.682e-02, 0.000e+00
1.665e-01, 1.875e-03, 0.000e+00, 7.196e+02, 0.000e+00, 1.349e+00, -0.000e+00, -1.050e-01, 0.000e+00
1.670e-01, 2.460e-03, 0.000e+00, 7.189e+02, 0.000e+00, 1.768e+00, -0.000e+00, -1.320e-01, 0.000e+00
1.675e-01, 2.971e-03, 0.000e+00, 7.183e+02, 0.000e+00, 2.134e+00, -0.000e+00, -1.552e-01, 0.000e+00
1.680e-01, 3.465e-03, 0.000e+00, 7.176e+02, 0.000e+00, 2.486e+00, -0.000e+00, -1.773e-01, 0.000e+00
1.685e-01, 3.871e-03, 0.000e+00, 7.170e+02, 0.000e+00, 2.775e+00, -0.000e+00, -1.950e-01, 0.000e+00
1.690e-01, 4.074e-03, 0.000e+00, 7.166e+02, 0.000e+00, 2.920e+00, -0.000e+00, -2.037e-01, 0.000e+00
1.695e-01, 4.375e-03, 0.000e+00, 7.160e+02, 0.000e+00, 3.133e+00, -0.000e+00, -2.163e-01, 0.000e+00
1.700e-01, 4.622e-03, 0.000e+00, 7.154e+02, 0.000e+00, 3.307e+00, -0.000e+00, -2.262e-01, 0.000e+00
1.705e-01, 4.802e-03, 0.000e+00, 7.149e+02, 0.000e+00, 3.433e+00, -0.000e+00, -2.329e-01, 0.000e+00
1.710e-01, 4.973e-03, 0.000e+00, 7.140e+02, 0.000e+00, 3.550e+00, -0.000e+00, -2.381e-01, 0.000e+00
1.715e-01, 5.013e-03, 0.000e+00, 7.135e+02, 0.000e+00, 3.577e+00, -0.000e+00, -2.382e-01, 0.000e+00
1.720e-01, 5.002e-03, 0.000e+00, 7.129e+02, 0.000e+00, 3.566e+00, -0.000e+00, -2.357e-01, 0.000e+00
1.725e-01, 4.933e-03, 0.000e+00, 7.123e+02, 0.000e+00, 3.514e+00, -0.000e+00, -2.305e-01, 0.000e+00
1.730e-01, 4.802e-03, 0.000e+00, 7.117e+02, 0.000e+00, 3.417e+00, -0.000e+00, -2.224e-01, 0.000e+00
1.735e-01, 4.695e-03, 0.000e+00, 7.113e+02, 0.000e+00, 3.340e+00, -0.000e+00, -2.162e-01, 0.000e+00
1.740e-01, 4.472e-03, 0.000e+00, 7.107e+02, 0.000e+00, 3.179e+00, -0.000e+00, -2.040e-01, 0.000e+00
1.745e-01, 4.196e-03, 0.000e+00, 7.101e+02, 0.000e+00, 2.980e+00, -0.000e+00, -1.893e-01, 0.000e+00
1.750e-01, 3.859e-03, 0.000e+00, 7.095e+02, 0.000e+00, 2.738e+00, -0.000e+00, -1.719e-01, 0.000e+00
1.755e-01, 3.401e-03, 0.000e+00, 7.088e+02, 0.000e+00, 2.410e+00, -0.000e+00, -1.488e-01, 0.000e+00
1.760e-01, 3.020e-03, 0.000e+00, 7.082e+02, 0.000e+00, 2.139e+00, -0.000e+00, -1.300e-01, 0.000e+00
1.765e-01, 2.611e-03, 0.000e+00, 7.077e+02, 0.000e+00, 1.848e+00, -0.000e+00, -1.100e-01, 0.000e+00
1.770e-01, 2.180e-03, 0.000e+00, 7.071e+02, 0.000e+00, 1.541e+00, -0.000e+00, -8.919e-02, 0.000e+00
1.775e-01, 1.731e-03, 0.000e+00, 7.065e+02, 0.000e+00, 1.223e+00, -0.000e+00, -6.774e-02, 0.000e+00
1.780e-01, 1.270e-03, 0.000e+00, 7.060e+02, 0.000e+00, 8.964e-01, -0.000e+00, -4.593e-02, 0.000e+00
1.785e-01, 8.363e-04, 0.000e+00, 7.055e+02, 0.000e+00, 5.900e-01, -0.000e+00, -2.563e-02, 0.000e+00
1.790e-01, 3.729e-04, 0.000e+00, 7.049e+02, 0.000e+00, 2.629e-01, -0.000e+00, -4.115e-03, 0.000e+00
1.795e-01, -2.098e-04, 0.000e+00, 7.043e+02, 0.000e+00, -1.478e-01, -0.000e+00, 2.265e-02, 0.000e+00
1.800e-01, -5.691e-04, 0.000e+00, 7.038e+02, 0.000e+00, -4.005e-01, -0.000e+00, 3.899e-02, 0.000e+00
1.805e-01, -1.070e-03, 0.000e+00, 7.032e+02, 0.000e+00, -7.524e-01, -0.000e+00, 6.155e-02, 0.000e+00
1.810e-01, -1.546e-03, 0.000e+00, 7.026e+02, 0.000e+00, -1.086e+00, -0.000e+00, 8.274e-02, 0.000e+00
1.815e-01, -2.008e-03, 0.000e+00, 7.020e+02, 0.000e+00, -1.410e+00, -0.000e+00, 1.031e-01, 0.000e+00
1.820e-01, -2.413e-03, 0.000e+00, 7.014e+02, 0.000e+00, -1.692e+00, -0.000e+00, 1.206e-01, 0.000e+00
1.825e-01, -2.807e-03, 0.000e+00, 7.007e+02, 0.000e+00, -1.967e+00, -0.000e+00, 1.374e-01, 0.000e+00
1.830e-01, -2.987e-03, 0.000e+00, 7.004e+02, 0.000e+00, -2.092e+00, -0.000e+00, 1.449e-01, 0.000e+00
1.835e-01, -3.289e-03, 0.000e+00, 6.998e+02, 0.000e+00, -2.302e+00, -0.000e+00, 1.574e-01, 0.000e+00
1.840e-01, -3.537e-03, 0.000e+00, 6.992e+02, 0.000e+00, -2.473e+00, -0.000e+00, 1.673e-01, 0.000e+00
1.845e-01, -3.738e-03, 0.000e+00, 6.987e+02, 0.000e+00, -2.611e+00, -0.000e+00, 1.750e-01, 0.000e+00
1.850e-01, -3.893e-03, 0.000e+00, 6.981e+02, 0.000e+00, -2.718e+00, -0.000e+00, 1.805e-01, 0.000e+00
1.855e-01, -3.998e-03, 0.000e+00, 6.976e+02, 0.000e+00, -2.789e+00, -0.000e+00, 1.839e-01, 0.000e+00
1.860e-01, -4.062e-03, 0.000e+00, 6.970e+02, 0.000e+00, -2.831e+00, -0.000e+00, 1.853e-01, 0.000e+00
1.865e-01, -4.080e-03, 0.000e+00, 6.964e+02, 0.000e+00, -2.842e+00, -0.000e+00, 1.846e-01, 0.000e+00
1.870e-01, -4.053e-03, 0.000e+00, 6.959e+02, 0.000e+00, -2.821e+00, -0.000e+00, 1.819e-01, 0.000e+00
1.875e-01, -3.981e-03, 0.000e+00, 6.953e+02, 0.000e+00, -2.768e+00, -0.000e+00, 1.772e-01, 0.000e+00
1.880e-01, -3.861e-03, 0.000e+00, 6.948e+02, 0.000e+00, -2.682e+00, -0.000e+00, 1.703e-01, 0.000e+00
1.885e-01, -3.696e-03, 0.000e+00, 6.942e+02, 0.000e+00, -2.566e+00, -0.000e+00, 1.616e-01, 0.000e+00
1.890e-01, -3.489e-03, 0.000e+00, 6.936e+02, 0.000e+00, -2.420e+00, -0.000e+00, 1.510e-01, 0.000e+00
1.895e-01, -3.233e-03, 0.000e+00, 6.930e+02, 0.000e+00, -2.241e+00, -0.000e+00, 1.383e-01, 0.000e+00
1.900e-01, -2.954e-03, 0.000e+00, 6.924e+02, 0.000e+00, -2.045e+00, -0.000e+00, 1.247e-01, 0.000e+00
1.905e-01, -2.724e-03, 0.000e+00, 6.920e+02, 0.000e+00, -1.885e+00, -0.000e+00, 1.138e-01, 0.000e+00
1.910e-01, -2.262e-03, 0.000e+00, 6.912e+02, 0.000e+00, -1.563e+00, -0.000e+00, 9.204e-02, 0.000e+00
1.915e-01, -1.925e-03, 0.000e+00, 6.907e+02, 0.000e+00, -1.330e+00, -0.000e+00, 7.648e-02, 0.000e+00
1.920e-01, -1.573e-03, 0.000e+00, 6.902e+02, 0.000e+00, -1.086e+00, -0.000e+00, 6.036e-02, 0.000e+00
1.925e-01, -1.209e-03, 0.000e+00, 6.896e+02, 0.000e+00, -8.340e-01, -0.000e+00, 4.388e-02, 0.000e+00
1.930e-01, -8.382e-04, 0.000e+00, 6.891e+02, 0.000e+00, -5.776e-01, -0.000e+00, 2.722e-02, 0.000e+00
1.935e-01, -4.932e-04, 0.000e+00, 6.886e+02, 0.000e+00, -3.396e-01, -0.000e+00, 1.188e-02, 0.000e+00
1.940e-01, -1.547e-04, 0.000e+00, 6.882e+02, 0.000e+00, -1.065e-01, -0.000e+00, -3.038e-03, 0.000e+00
1.945e-01, 2.543e-04, 0.000e+00, 6.876e+02, 0.000e+00, 1.748e-01, -0.000e+00, -2.090e-02, 0.000e+00
1.950e-01, 6.450e-04, 0.000e+00, 6.870e+02, 0.000e+00, 4.431e-01, -0.000e+00, -3.779e-02, 0.000e+00
1.955e-01, 1.033e-03, 0.000e+00, 6.864e+02, 0.000e+00, 7.089e-01, -0.000e+00, -5.437e-02, 0.000e+00
1.960e-01, 1.419e-03, 0.000e+00, 6.858e+02, 0.000e+00, 9.729e-01, -0.000e+00, -7.067e-02, 0.000e+00
1.965e-01, 1.757e-03, 0.000e+00, 6.853e+02, 0.000e+00, 1.204e+00, -0.000e+00, -8.477e-02, 0.000e+00
1.970e-01, 1.948e-03, 0.000e+00, 6.849e+02, 0.000e+00, 1.334e+00, -0.000e+00, -9.267e-02, 0.000e+00
1.975e-01, 2.242e-03, 0.000e+00, 6.843e+02, 0.000e+00, 1.534e+00, -0.000e+00, -1.046e-01, 0.000e+00
1.980e-01, 2.506e-03, 0.000e+00, 6.838e+02, 0.000e+00, 1.714e+00, -0.000e+00, -1.152e-01, 0.000e+00
1.985e-01, 2.743e-03, 0.000e+00, 6.832e+02, 0.000e+00, 1.874e+00, -0.000e+00, -1.244e-01, 0.000e+00
1.990e-01, 2.929e-03, 0.000e+00, 6.827e+02, 0.000e+00, 2.000e+00, -0.000e+00, -1.315e-01, 0.000e+00
1.995e-01, 3.081e-03, 0.000e+00, 6.821e+02, 0.000e+00, 2.102e+00, -0.000e+00, -1.370e-01, 0.000e+00
2.000e-01, 3.199e-03, 0.000e+00, 6.816e+02, 0.000e+00, 2.180e+00, -0.000e+00, -1.409e-01, 0.000e+00
2.005e-01, 3.280e-03, 0.000e+00, 6.810e+02, 0.000e+00, 2.234e+00, -0.000e+00, -1.433e-01, 0.000e+00
2.010e-01, 3.325e-03, 0.000e+00, 6.805e+02, 0.000e+00, 2.263e+00, -0.000e+00, -1.441e-01, 0.000e+00
2.015e-01, 3.334e-03, 0.000e+00, 6.800e+02, 0.000e+00, 2.267e+00, -0.000e+00, -1.434e-01, 0.000e+00
2.020e-01, 3.309e-03, 0.000e+00, 6.795e+02, 0.000e+00, 2.248e+00, -0.000e+00, -1.413e-01, 0.000e+00
2.025e-01, 3.248e-03, 0.000e+00, 6.789e+02, 0.000e+00, 2.205e+00, -0.000e+00, -1.376e-01, 0.000e+00
2.030e-01, 3.151e-03, 0.000e+00, 6.784e+02, 0.000e+00, 2.138e+00, -0.000e+00, -1.324e-01, 0.000e+00
2.035e-01, 3.010e-03, 0.000e+00, 6.778e+02, 0.000e+00, 2.040e+00, -0.000e+00, -1.253e-01, 0.000e+00
2.040e-01, 2.847e-03, 0.000e+00, 6.773e+02, 0.000e+00, 1.928e+00, -0.000e+00, -1.174e-01, 0.000e+00
2.045e-01, 2.653e-03, 0.000e+00, 6.767e+02, 0.000e+00, 1.795e+00, -0.000e+00, -1.083e-01, 0.000e+00
2.050e-01, 2.498e-03, 0.000e+00, 6.763e+02, 0.000e+00, 1.690e+00, -0.000e+00, -1.011e-01, 0.000e+00
2.055e-01, 2.253e-03, 0.000e+00, 6.758e+02, 0.000e+00, 1.523e+00, -0.000e+00, -8.989e-02, 0.000e+00
2.060e-01, 2.008e-03, 0.000e+00, 6.753e+02, 0.000e+00, 1.356e+00, -0.000e+00, -7.884e-02, 0.000e+00
2.065e-01, 1.746e-03, 0.000e+00, 6.748e+02, 0.000e+00, 1.178e+00, -0.000e+00, -6.720e-02, 0.000e+00
2.070e-01, 1.333e-03, 0.000e+00, 6.740e+02, 0.000e+00, 8.984e-01, -0.000e+00, -4.904e-02, 0.000e+00
2.075e-01, 1.044e-03, 0.000e+00, 6.735e+02, 0.000e+00, 7.029e-01, -0.000e+00, -3.648e-02, 0.000e+00
2.080e-01, 7.479e-04, 0.000e+00, 6.730e+02, 0.000e+00, 5.033e-01, -0.000e+00, -2.375e-02, 0.000e+00
2.085e-01, 4.722e-04, 0.000e+00, 6.725e+02, 0.000e+00, 3.176e-01, -0.000e+00, -1.198e-02, 0.000e+00
2.090e-01, 1.752e-04, 0.000e+00, 6.720e+02, 0.000e+00, 1.177e-01, -0.000e+00, 5.991e-04, 0.000e+00
2.095e-01, -1.127e-04, 0.000e+00, 6.716e+02, 0.000e+00, -7.569e-02, -0.000e+00, 1.269e-02, 0.000e+00
2.100e-01, -4.327e-04, 0.000e+00, 6.710e+02, 0.000e+00, -2.904e-01, -0.000e+00, 2.602e-02, 0.000e+00
2.105e-01, -7.428e-04, 0.000e+00, 6.705e+02, 0.000e+00, -4.980e-01, -0.000e+00, 3.880e-02, 0.000e+00
2.110e-01, -1.056e-03, 0.000e+00, 6.699e+02, 0.000e+00, -7.074e-01, -0.000e+00, 5.159e-02, 0.000e+00
2.115e-01, -1.220e-03, 0.000e+00, 6.696e+02, 0.000e+00, -8.170e-01, -0.000e+00, 5.822e-02, 0.000e+00
2.120e-01, -1.482e-03, 0.000e+00, 6.690e+02, 0.000e+00, -9.914e-01, -0.000e+00, 6.870e-02, 0.000e+00
2.125e-01, -1.724e-03, 0.000e+00, 6.685e+02, 0.000e+00, -1.152e+00, -0.000e+00, 7.827e-02, 0.000e+00
2.130e-01, -1.944e-03, 0.000e+00, 6.679e+02, 0.000e+00, -1.299e+00, -0.000e+00, 8.684e-02, 0.000e+00
2.135e-01, -2.140e-03, 0.000e+00, 6.674e+02, 0.000e+00, -1.428e+00, -0.000e+00, 9.433e-02, 0.000e+00
2.140e-01, -2.312e-03, 0.000e+00, 6.669e+02, 0.000e+00, -1.542e+00, -0.000e+00, 1.007e-01, 0.000e+00
2.145e-01, -2.445e-03, 0.000e+00, 6.663e+02, 0.000e+00, -1.629e+00, -0.000e+00, 1.055e-01, 0.000e+00
2.150e-01, -2.551e-03, 0.000e+00, 6.658e+02, 0.000e+00, -1.699e+00, -0.000e+00, 1.091e-01, 0.000e+00
2.155e-01, -2.630e-03, 0.000e+00, 6.653e+02, 0.000e+00, -1.750e+00, -0.000e+00, 1.116e-01, 0.000e+00
2.160e-01, -2.680e-03, 0.000e+00, 6.648e+02, 0.000e+00, -1.782e+00, -0.000e+00, 1.128e-01, 0.000e+00
2.165e-01, -2.702e-03, 0.000e+00, 6.643e+02, 0.000e+00, -1.795e+00, -0.000e+00, 1.129e-01, 0.000e+00
2.170e-01, -2.695e-03, 0.000e+00, 6.638e+02, 0.000e+00, -1.789e+00, -0.000e+00, 1.117e-01, 0.000e+00
2.175e-01, -2.659e-03, 0.000e+00, 6.633e+02, 0.000e+00, -1.764e+00, -0.000e+00, 1.094e-01, 0.000e+00
2.180e-01, -2.596e-03, 0.000e+00, 6.628e+02, 0.000e+00, -1.721e+00, -0.000e+00, 1.060e-01, 0.000e+00
2.185e-01, -2.535e-03, 0.000e+00, 6.624e+02, 0.000e+00, -1.679e+00, -0.000e+00, 1.029e-01, 0.000e+00
2.190e-01, -2.427e-03, 0.000e+00, 6.619e+02, 0.000e+00, -1.606e+00, -0.000e+00, 9.773e-02, 0.000e+00
2.195e-01, -2.294e-03, 0.000e+00, 6.614e+02, 0.000e+00, -1.517e+00, -0.000e+00, 9.155e-02, 0.000e+00
2.200e-01, -2.138e-03, 0.000e+00, 6.608e+02, 0.000e+00, -1.413e+00, -0.000e+00, 8.446e-02, 0.000e+00
2.205e-01, -1.961e-03, 0.000e+00, 6.603e+02, 0.000e+00, -1.295e+00, -0.000e+00, 7.654e-02, 0.000e+00
2.210e-01, -1.764e-03, 0.000e+00, 6.598e+02, 0.000e+00, -1.164e+00, -0.000e+00, 6.792e-02, 0.000e+00
2.215e-01, -1.563e-03, 0.000e+00, 6.593e+02, 0.000e+00, -1.031e+00, -0.000e+00, 5.924e-02, 0.000e+00
2.220e-01, -1.351e-03, 0.000e+00, 6.588e+02, 0.000e+00, -8.900e-01, -0.000e+00, 5.014e-02, 0.000e+00
2.225e-01, -1.128e-03, 0.000e+00, 6.584e+02, 0.000e+00, -7.423e-01, -0.000e+00, 4.068e-02, 0.000e+00
2.230e-01, -8.958e-04, 0.000e+00, 6.579e+02, 0.000e+00, -5.893e-01, -0.000e+00, 3.095e-02, 0.000e+00
2.235e-01, -5.397e-04, 0.000e+00, 6.571e+02, 0.000e+00, -3.547e-01, -0.000e+00, 1.617e-02, 0.000e+00
2.240e-01, -3.190e-04, 0.000e+00, 6.567e+02, 0.000e+00, -2.095e-01, -0.000e+00, 7.095e-03, 0.000e+00
2.245e-01, -8.057e-05, 0.000e+00, 6.562e+02, 0.000e+00, -5.287e-02, -0.000e+00, -2.629e-03, 0.000e+00
2.250e-01, 1.518e-04, 0.000e+00, 6.557e+02, 0.000e+00, 9.953e-02, -0.000e+00, -1.203e-02, 0.000e+00
2.255e-01, 4.111e-04, 0.000e+00, 6.552e+02, 0.000e+00, 2.694e-01, -0.000e+00, -2.243e-02, 0.000e+00
2.260e-01, 6.553e-04, 0.000e+00, 6.547e+02, 0.000e+00, 4.290e-01, -0.000e+00, -3.213e-02, 0.000e+00
2.265e-01, 8.049e-04, 0.000e+00, 6.544e+02, 0.000e+00, 5.267e-01, -0.000e+00, -3.802e-02, 0.000e+00
2.270e-01, 1.025e-03, 0.000e+00, 6.539e+02, 0.000e+00, 6.704e-01, -0.000e+00, -4.663e-02, 0.000e+00
2.275e-01, 1.233e-03, 0.000e+00, 6.533e+02, 0.000e+00, 8.053e-01, -0.000e+00, -5.463e-02, 0.000e+00
2.280e-01, 1.425e-03, 0.000e+00, 6.528e+02, 0.000e+00, 9.300e-01, -0.000e+00, -6.194e-02, 0.000e+00
2.285e-01, 1.599e-03, 0.000e+00, 6.523e+02, 0.000e+00, 1.043e+00, -0.000e+00, -6.850e-02, 0.000e+00
2.290e-01, 1.727e-03, 0.000e+00, 6.519e+02, 0.000e+00, 1.126e+00, -0.000e+00, -7.322e-02, 0.000e+00
2.295e-01, 1.859e-03, 0.000e+00, 6.514e+02, 0.000e+00, 1.211e+00, -0.000e+00, -7.798e-02, 0.000e+00
2.300e-01, 1.971e-03, 0.000e+00, 6.509e+02, 0.000e+00, 1.283e+00, -0.000e+00, -8.191e-02, 0.000e+00
2.305e-01, 2.063e-03, 0.000e+00, 6.504e+02, 0.000e+00, 1.342e+00, -0.000e+00, -8.497e-02, 0.000e+00
2.310e-01, 2.132e-03, 0.000e+00, 6.500e+02, 0.000e+00, 1.386e+00, -0.000e+00, -8.715e-02, 0.000e+00
2.315e-01, 2.180e-03, 0.000e+00, 6.495e+02, 0.000e+00, 1.416e+00, -0.000e+00, -8.842e-02, 0.000e+00
2.320e-01, 2.205e-03, 0.000e+00, 6.490e+02, 0.000e+00, 1.431e+00, -0.000e+00, -8.878e-02, 0.000e+00
2.325e-01, 2.208e-03, 0.000e+00, 6.485e+02, 0.000e+00, 1.432e+00, -0.000e+00, -8.825e-02, 0.000e+00
2.330e-01, 2.189e-03, 0.000e+00, 6.480e+02, 0.000e+00, 1.418e+00, -0.000e+00, -8.683e-02, 0.000e+00
2.335e-01, 2.147e-03, 0.000e+00, 6.475e+02, 0.000e+00, 1.390e+00, -0.000e+00, -8.455e-02, 0.000e+00
2.340e-01, 2.085e-03, 0.000e+00, 6.470e+02, 0.000e+00, 1.349e+00, -0.000e+00, -8.143e-02, 0.000e+00
2.345e-01, 2.001e-03, 0.000e+00, 6.465e+02, 0.000e+00, 1.294e+00, -0.000e+00, -7.753e-02, 0.000e+00
2.350e-01, 1.898e-03, 0.000e+00, 6.460e+02, 0.000e+00, 1.226e+00, -0.000e+00, -7.288e-02, 0.000e+00
2.355e-01, 1.776e-03, 0.000e+00, 6.455e+02, 0.000e+00, 1.147e+00, -0.000e+00, -6.752e-02, 0.000e+00
2.360e-01, 1.637e-03, 0.000e+00, 6.451e+02, 0.000e+00, 1.056e+00, -0.000e+00, -6.152e-02, 0.000e+00
2.365e-01, 1.482e-03, 0.000e+00, 6.446e+02, 0.000e+00, 9.550e-01, -0.000e+00, -5.492e-02, 0.000e+00
2.370e-01, 1.324e-03, 0.000e+00, 6.441e+02, 0.000e+00, 8.530e-01, -0.000e+00, -4.834e-02, 0.000e+00
2.375e-01, 1.156e-03, 0.000e+00, 6.436e+02, 0.000e+00, 7.442e-01, -0.000e+00, -4.138e-02, 0.000e+00
2.380e-01, 9.797e-04, 0.000e+00, 6.432e+02, 0.000e+00, 6.301e-01, -0.000e+00, -3.415e-02, 0.000e+00
2.385e-01, 7.959e-04, 0.000e+00, 6.427e+02, 0.000e+00, 5.115e-01, -0.000e+00, -2.668e-02, 0.000e+00
2.390e-01, 6.067e-04, 0.000e+00, 6.422e+02, 0.000e+00, 3.897e-01, -0.000e+00, -1.907e-02, 0.000e+00
2.395e-01, 4.141e-04, 0.000e+00, 6.418e+02, 0.000e+00, 2.657e-01, -0.000e+00, -1.138e-02, 0.000e+00
2.400e-01, 2.198e-04, 0.000e+00, 6.413e+02, 0.000e+00, 1.410e-01, -0.000e+00, -3.692e-03, 0.000e+00
2.405e-01, -5.394e-05, 0.000e+00, 6.406e+02, 0.000e+00, -3.456e-02, -0.000e+00, 7.039e-03, 0.000e+00
2.410e-01, -2.552e-04, 0.000e+00, 6.402e+02, 0.000e+00, -1.634e-01, -0.000e+00, 1.485e-02, 0.000e+00
2.415e-01, -4.508e-04, 0.000e+00, 6.397e+02, 0.000e+00, -2.884e-01, -0.000e+00, 2.237e-02, 0.000e+00
2.420e-01, -5.684e-04, 0.000e+00, 6.394e+02, 0.000e+00, -3.634e-01, -0.000e+00, 2.685e-02, 0.000e+00
2.425e-01, -7.481e-04, 0.000e+00, 6.389e+02, 0.000e+00, -4.779e-01, -0.000e+00, 3.366e-02, 0.000e+00
2.430e-01, -9.185e-04, 0.000e+00, 6.384e+02, 0.000e+00, -5.864e-01, -0.000e+00, 4.004e-02, 0.000e+00
2.435e-01, -1.078e-03, 0.000e+00, 6.379e+02, 0.000e+00, -6.876e-01, -0.000e+00, 4.593e-02, 0.000e+00
2.440e-01, -1.225e-03, 0.000e+00, 6.374e+02, 0.000e+00, -7.805e-01, -0.000e+00, 5.128e-02, 0.000e+00
2.445e-01, -1.339e-03, 0.000e+00, 6.370e+02, 0.000e+00, -8.531e-01, -0.000e+00, 5.541e-02, 0.000e+00
2.450e-01, -1.452e-03, 0.000e+00, 6.365e+02, 0.000e+00, -9.242e-01, -0.000e+00, 5.938e-02, 0.000e+00
2.455e-01, -1.550e-03, 0.000e+00, 6.361e+02, 0.000e+00, -9.858e-01, -0.000e+00, 6.275e-02, 0.000e+00
2.460e-01, -1.632e-03, 0.000e+00, 6.356e+02, 0.000e+00, -1.037e+00, -0.000e+00, 6.548e-02, 0.000e+00
2.465e-01, -1.698e-03, 0.000e+00, 6.352e+02, 0.000e+00, -1.078e+00, -0.000e+00, 6.756e-02, 0.000e+00
2.470e-01, -1.746e-03, 0.000e+00, 6.347e+02, 0.000e+00, -1.108e+00, -0.000e+00, 6.895e-02, 0.000e+00
2.475e-01, -1.778e-03, 0.000e+00, 6.342e+02, 0.000e+00, -1.127e+00, -0.000e+00, 6.967e-02, 0.000e+00
2.480e-01, -1.791e-03, 0.000e+00, 6.338e+02, 0.000e+00, -1.135e+00, -0.000e+00, 6.969e-02, 0.000e+00
2.485e-01, -1.787e-03, 0.000e+00, 6.333e+02, 0.000e+00, -1.132e+00, -0.000e+00, 6.904e-02, 0.000e+00
2.490e-01, -1.766e-03, 0.000e+00, 6.328e+02, 0.000e+00, -1.117e+00, -0.000e+00, 6.772e-02, 0.000e+00
2.495e-01, -1.727e-03, 0.000e+00, 6.324e+02, 0.000e+00, -1.092e+00, -0.000e+00, 6.576e-02, 0.000e+00
2.500e-01, -1.672e-03, 0.000e+00, 6.319e+02, 0.000e+00, -1.056e+00, -0.000e+00, 6.317e-02, 0.000e+00
2.505e-01, -1.600e-03, 0.000e+00, 6.314e+02, 0.000e+00, -1.010e+00, -0.000e+00, 5.998e-02, 0.000e+00
2.510e-01, -1.514e-03, 0.000e+00, 6.309e+02, 0.000e+00, -9.550e-01, -0.000e+00, 5.623e-02, 0.000e+00
2.515e-01, -1.412e-03, 0.000e+00, 6.305e+02, 0.000e+00, -8.904e-01, -0.000e+00, 5.196e-02, 0.000e+00
2.520e-01, -1.297e-03, 0.000e+00, 6.300e+02, 0.000e+00, -8.173e-01, -0.000e+00, 4.720e-02, 0.000e+00
2.525e-01, -1.169e-03, 0.000e+00, 6.295e+02, 0.000e+00, -7.361e-01, -0.000e+00, 4.199e-02, 0.000e+00
2.530e-01, -1.046e-03, 0.000e+00, 6.291e+02, 0.000e+00, -6.580e-01, -0.000e+00, 3.702e-02, 0.000e+00
2.535e-01, -9.099e-04, 0.000e+00, 6.287e+02, 0.000e+00, -5.720e-01, -0.000e+00, 3.159e-02, 0.000e+00
2.540e-01, -7.674e-04, 0.000e+00, 6.282e+02, 0.000e+00, -4.821e-01, -0.000e+00, 2.597e-02, 0.000e+00
2.545e-01, -6.193e-04, 0.000e+00, 6.278e+02, 0.000e+00, -3.888e-01, -0.000e+00, 2.018e-02, 0.000e+00
2.550e-01, -4.671e-04, 0.000e+00, 6.273e+02, 0.000e+00, -2.930e-01, -0.000e+00, 1.428e-02, 0.000e+00
2.555e-01, -3.122e-04, 0.000e+00, 6.269e+02, 0.000e+00, -1.957e-01, -0.000e+00, 8.324e-03, 0.000e+00
2.560e-01, -1.561e-04, 0.000e+00, 6.264e+02, 0.000e+00, -9.779e-02, -0.000e+00, 2.370e-03, 0.000e+00
2.565e-01, -2.756e-07, 0.000e+00, 6.260e+02, 0.000e+00, -1.725e-04, -0.000e+00, -3.526e-03, 0.000e+00
2.570e-01, 1.518e-04, 0.000e+00, 6.255e+02, 0.000e+00, 9.495e-02, -0.000e+00, -9.234e-03, 0.000e+00
2.575e-01, 3.088e-04, 0.000e+00, 6.251e+02, 0.000e+00, 1.930e-01, -0.000e+00, -1.508e-02, 0.000e+00
2.580e-01, 4.762e-04, 0.000e+00, 6.246e+02, 0.000e+00, 2.974e-01, -0.000e+00, -2.125e-02, 0.000e+00
2.585e-01, 6.196e-04, 0.000e+00, 6.241e+02, 0.000e+00, 3.867e-01, -0.000e+00, -2.649e-02, 0.000e+00
2.590e-01, 7.559e-04, 0.000e+00, 6.237e+02, 0.000e+00, 4.714e-01, -0.000e+00, -3.141e-02, 0.000e+00
2.595e-01, 8.836e-04, 0.000e+00, 6.232e+02, 0.000e+00, 5.507e-01, -0.000e+00, -3.597e-02, 0.000e+00
2.600e-01, 1.002e-03, 0.000e+00, 6.227e+02, 0.000e+00, 6.237e-01, -0.000e+00, -4.013e-02, 0.000e+00
2.605e-01, 1.097e-03, 0.000e+00, 6.223e+02, 0.000e+00, 6.829e-01, -0.000e+00, -4.345e-02, 0.000e+00
2.610e-01, 1.188e-03, 0.000e+00, 6.219e+02, 0.000e+00, 7.387e-01, -0.000e+00, -4.653e-02, 0.000e+00
2.615e-01, 1.267e-03, 0.000e+00, 6.214e+02, 0.000e+00, 7.875e-01, -0.000e+00, -4.917e-02, 0.000e+00
2.620e-01, 1.334e-03, 0.000e+00, 6.210e+02, 0.000e+00, 8.286e-01, -0.000e+00, -5.134e-02, 0.000e+00
2.625e-01, 1.389e-03, 0.000e+00, 6.206e+02, 0.000e+00, 8.617e-01, -0.000e+00, -5.300e-02, 0.000e+00
2.630e-01, 1.430e-03, 0.000e+00, 6.201e+02, 0.000e+00, 8.866e-01, -0.000e+00, -5.416e-02, 0.000e+00
2.635e-01, 1.457e-03, 0.000e+00, 6.197e+02, 0.000e+00, 9.029e-01, -0.000e+00, -5.480e-02, 0.000e+00
2.640e-01, 1.471e-03, 0.000e+00, 6.192e+02, 0.000e+00, 9.107e-01, -0.000e+00, -5.493e-02, 0.000e+00
2.645e-01, 1.470e-03, 0.000e+00, 6.188e+02, 0.000e+00, 9.099e-01, -0.000e+00, -5.453e-02, 0.000e+00
2.650e-01, 1.456e-03, 0.000e+00, 6.183e+02, 0.000e+00, 9.005e-01, -0.000e+00, -5.363e-02, 0.000e+00
2.655e-01, 1.429e-03, 0.000e+00, 6.179e+02, 0.000e+00, 8.828e-01, -0.000e+00, -5.223e-02, 0.000e+00
2.660e-01, 1.388e-03, 0.000e+00, 6.174e+02, 0.000e+00, 8.569e-01, -0.000e+00, -5.036e-02, 0.000e+00
2.665e-01, 1.334e-03, 0.000e+00, 6.170e+02, 0.000e+00, 8.231e-01, -0.000e+00, -4.802e-02, 0.000e+00
2.670e-01, 1.268e-03, 0.000e+00, 6.165e+02, 0.000e+00, 7.817e-01, -0.000e+00, -4.524e-02, 0.000e+00
2.675e-01, 1.190e-03, 0.000e+00, 6.161e+02, 0.000e+00, 7.331e-01, -0.000e+00, -4.205e-02, 0.000e+00
2.680e-01, 1.101e-03, 0.000e+00, 6.156e+02, 0.000e+00, 6.778e-01, -0.000e+00, -3.848e-02, 0.000e+00
2.685e-01, 1.001e-03, 0.000e+00, 6.152e+02, 0.000e+00, 6.161e-01, -0.000e+00, -3.455e-02, 0.000e+00
2.690e-01, 9.371e-04, 0.000e+00, 6.149e+02, 0.000e+00, 5.762e-01, -0.000e+00, -3.203e-02, 0.000e+00
2.695e-01, 7.973e-04, 0.000e+00, 6.143e+02, 0.000e+00, 4.898e-01, -0.000e+00, -2.663e-02, 0.000e+00
2.700e-01, 6.850e-04, 0.000e+00, 6.139e+02, 0.000e+00, 4.206e-01, -0.000e+00, -2.234e-02, 0.000e+00
2.705e-01, 5.680e-04, 0.000e+00, 6.135e+02, 0.000e+00, 3.485e-01, -0.000e+00, -1.791e-02, 0.000e+00
2.710e-01, 4.471e-04, 0.000e+00, 6.131e+02, 0.000e+00, 2.741e-01, -0.000e+00, -1.337e-02, 0.000e+00
2.715e-01, 3.235e-04, 0.000e+00, 6.126e+02, 0.000e+00, 1.982e-01, -0.000e+00, -8.775e-03, 0.000e+00
2.720e-01, 1.984e-04, 0.000e+00, 6.122e+02, 0.000e+00, 1.214e-01, -0.000e+00, -4.154e-03, 0.000e+00
2.725e-01, 7.278e-05, 0.000e+00, 6.118e+02, 0.000e+00, 4.453e-02, -0.000e+00, 4.466e-04, 0.000e+00
2.730e-01, -5.080e-05, 0.000e+00, 6.114e+02, 0.000e+00, -3.106e-02, -0.000e+00, 4.938e-03, 0.000e+00
2.735e-01, -1.743e-04, 0.000e+00, 6.109e+02, 0.000e+00, -1.065e-01, -0.000e+00, 9.390e-03, 0.000e+00
2.740e-01, -2.985e-04, 0.000e+00, 6.105e+02, 0.000e+00, -1.822e-01, -0.000e+00, 1.383e-02, 0.000e+00
2.745e-01, -4.295e-04, 0.000e+00, 6.100e+02, 0.000e+00, -2.620e-01, -0.000e+00, 1.847e-02, 0.000e+00
2.750e-01, -5.419e-04, 0.000e+00, 6.096e+02, 0.000e+00, -3.303e-01, -0.000e+00, 2.241e-02, 0.000e+00
2.755e-01, -6.484e-04, 0.000e+00, 6.091e+02, 0.000e+00, -3.949e-01, -0.000e+00, 2.611e-02, 0.000e+00
2.760e-01, -7.479e-04, 0.000e+00, 6.087e+02, 0.000e+00, -4.552e-01, -0.000e+00, 2.952e-02, 0.000e+00
2.765e-01, -8.366e-04, 0.000e+00, 6.083e+02, 0.000e+00, -5.089e-01, -0.000e+00, 3.252e-02, 0.000e+00
2.770e-01, -9.140e-04, 0.000e+00, 6.079e+02, 0.000e+00, -5.556e-01, -0.000e+00, 3.509e-02, 0.000e+00
2.775e-01, -9.831e-04, 0.000e+00, 6.074e+02, 0.000e+00, -5.972e-01, -0.000e+00, 3.735e-02, 0.000e+00
2.780e-01, -1.043e-03, 0.000e+00, 6.070e+02, 0.000e+00, -6.333e-01, -0.000e+00, 3.926e-02, 0.000e+00
2.785e-01, -1.094e-03, 0.000e+00, 6.066e+02, 0.000e+00, -6.636e-01, -0.000e+00, 4.082e-02, 0.000e+00
2.790e-01, -1.134e-03, 0.000e+00, 6.062e+02, 0.000e+00, -6.877e-01, -0.000e+00, 4.200e-02, 0.000e+00
2.795e-01, -1.165e-03, 0.000e+00, 6.058e+02, 0.000e+00, -7.054e-01, -0.000e+00, 4.279e-02, 0.000e+00
2.800e-01, -1.184e-03, 0.000e+00, 6.053e+02, 0.000e+00, -7.166e-01, -0.000e+00, 4.319e-02, 0.000e+00
2.805e-01, -1.192e-03, 0.000e+00, 6.049e+02, 0.000e+00, -7.212e-01, -0.000e+00, 4.320e-02, 0.000e+00
2.810e-01, -1.190e-03, 0.000e+00, 6.045e+02, 0.000e+00, -7.192e-01, -0.000e+00, 4.281e-02, 0.000e+00
2.815e-01, -1.176e-03, 0.000e+00, 6.041e+02, 0.000e+00, -7.106e-01, -0.000e+00, 4.204e-02, 0.000e+00
2.820e-01, -1.152e-03, 0.000e+00, 6.036e+02, 0.000e+00, -6.956e-01, -0.000e+00, 4.090e-02, 0.000e+00
2.825e-01, -1.118e-03, 0.000e+00, 6.032e+02, 0.000e+00, -6.743e-01, -0.000e+00, 3.939e-02, 0.000e+00
2.830e-01, -1.073e-03, 0.000e+00, 6.028e+02, 0.000e+00, -6.469e-01, -0.000e+00, 3.753e-02, 0.000e+00
2.835e-01, -1.019e-03, 0.000e+00, 6.023e+02, 0.000e+00, -6.137e-01, -0.000e+00, 3.534e-02, 0.000e+00
2.840e-01, -9.820e-04, 0.000e+00, 6.021e+02, 0.000e+00, -5.913e-01, -0.000e+00, 3.388e-02, 0.000e+00
2.845e-01, -9.137e-04, 0.000e+00, 6.017e+02, 0.000e+00, -5.497e-01, -0.000e+00, 3.122e-02, 0.000e+00
2.850e-01, -8.370e-04, 0.000e+00, 6.012e+02, 0.000e+00, -5.033e-01, -0.000e+00, 2.829e-02, 0.000e+00
2.855e-01, -7.526e-04, 0.000e+00, 6.008e+02, 0.000e+00, -4.522e-01, -0.000e+00, 2.510e-02, 0.000e+00
2.860e-01, -6.402e-04, 0.000e+00, 6.003e+02, 0.000e+00, -3.843e-01, -0.000e+00, 2.092e-02, 0.000e+00
2.865e-01, -5.500e-04, 0.000e+00, 5.998e+02, 0.000e+00, -3.299e-01, -0.000e+00, 1.759e-02, 0.000e+00
2.870e-01, -4.560e-04, 0.000e+00, 5.994e+02, 0.000e+00, -2.734e-01, -0.000e+00, 1.416e-02, 0.000e+00
2.875e-01, -3.590e-04, 0.000e+00, 5.990e+02, 0.000e+00, -2.150e-01, -0.000e+00, 1.065e-02, 0.000e+00
2.880e-01, -2.597e-04, 0.000e+00, 5.986e+02, 0.000e+00, -1.555e-01, -0.000e+00, 7.090e-03, 0.000e+00
2.885e-01, -1.591e-04, 0.000e+00, 5.982e+02, 0.000e+00, -9.517e-02, -0.000e+00, 3.507e-03, 0.000e+00
2.890e-01, -5.801e-05, 0.000e+00, 5.978e+02, 0.000e+00, -3.468e-02, -0.000e+00, -6.568e-05, 0.000e+00
2.895e-01, 4.260e-05, 0.000e+00, 5.974e+02, 0.000e+00, 2.545e-02, -0.000e+00, -3.594e-03, 0.000e+00
2.900e-01, 1.413e-04, 0.000e+00, 5.970e+02, 0.000e+00, 8.437e-02, -0.000e+00, -7.028e-03, 0.000e+00
2.905e-01, 2.410e-04, 0.000e+00, 5.966e+02, 0.000e+00, 1.438e-01, -0.000e+00, -1.047e-02, 0.000e+00
2.910e-01, 3.471e-04, 0.000e+00, 5.961e+02, 0.000e+00, 2.069e-01, -0.000e+00, -1.409e-02, 0.000e+00
2.915e-01, 4.377e-04, 0.000e+00, 5.957e+02, 0.000e+00, 2.608e-01, -0.000e+00, -1.716e-02, 0.000e+00
2.920e-01, 5.239e-04, 0.000e+00, 5.953e+02, 0.000e+00, 3.119e-01, -0.000e+00, -2.005e-02, 0.000e+00
2.925e-01, 6.049e-04, 0.000e+00, 5.949e+02, 0.000e+00, 3.598e-01, -0.000e+00, -2.273e-02, 0.000e+00
2.930e-01, 6.505e-04, 0.000e+00, 5.946e+02, 0.000e+00, 3.868e-01, -0.000e+00, -2.422e-02, 0.000e+00
2.935e-01, 7.170e-04, 0.000e+00, 5.942e+02, 0.000e+00, 4.261e-01, -0.000e+00, -2.637e-02, 0.000e+00
2.940e-01, 7.774e-04, 0.000e+00, 5.938e+02, 0.000e+00, 4.617e-01, -0.000e+00, -2.829e-02, 0.000e+00
2.945e-01, 8.310e-04, 0.000e+00, 5.934e+02, 0.000e+00, 4.931e-01, -0.000e+00, -2.996e-02, 0.000e+00
2.950e-01, 8.772e-04, 0.000e+00, 5.930e+02, 0.000e+00, 5.202e-01, -0.000e+00, -3.136e-02, 0.000e+00
2.955e-01, 9.157e-04, 0.000e+00, 5.926e+02, 0.000e+00, 5.426e-01, -0.000e+00, -3.247e-02, 0.000e+00
2.960e-01, 9.562e-04, 0.000e+00, 5.920e+02, 0.000e+00, 5.661e-01, -0.000e+00, -3.356e-02, 0.000e+00
2.965e-01, 9.746e-04, 0.000e+00, 5.916e+02, 0.000e+00, 5.766e-01, -0.000e+00, -3.396e-02, 0.000e+00
2.970e-01, 9.845e-04, 0.000e+00, 5.912e+02, 0.000e+00, 5.821e-01, -0.000e+00, -3.407e-02, 0.000e+00
2.975e-01, 9.858e-04, 0.000e+00, 5.908e+02, 0.000e+00, 5.825e-01, -0.000e+00, -3.389e-02, 0.000e+00
2.980e-01, 9.827e-04, 0.000e+00, 5.906e+02, 0.000e+00, 5.803e-01, -0.000e+00, -3.364e-02, 0.000e+00
2.985e-01, 9.705e-04, 0.000e+00, 5.902e+02, 0.000e+00, 5.728e-01, -0.000e+00, -3.299e-02, 0.000e+00
2.990e-01, 9.500e-04, 0.000e+00, 5.898e+02, 0.000e+00, 5.603e-01, -0.000e+00, -3.206e-02, 0.000e+00
2.995e-01, 9.213e-04, 0.000e+00, 5.894e+02, 0.000e+00, 5.430e-01, -0.000e+00, -3.086e-02, 0.000e+00
3.000e-01, 8.848e-04, 0.000e+00, 5.890e+02, 0.000e+00, 5.211e-01, -0.000e+00, -2.939e-02, 0.000e+00
