 # Time,     Mach,      alfa,      beta,      Cd,      Cd0,     Cdd2,     CL_alfa,     Cn_p_alfa,     Cn_q_alfa 
5.000e-04, 2.935e+00, 4.929e-06, 0.000e+00, 3.200e-01, 3.200e-01, 4.400e+00, 2.850e+00, 0.000e+00, 0.000e+00
1.000e-03, 2.932e+00, 9.709e-06, 0.000e+00, 3.200e-01, 3.200e-01, 4.400e+00, 2.850e+00, 0.000e+00, 0.000e+00
1.500e-03, 2.928e+00, 1.425e-05, 0.000e+00, 3.200e-01, 3.200e-01, 4.400e+00, 2.850e+00, 0.000e+00, 0.000e+00
2.000e-03, 2.924e+00, 1.845e-05, 0.000e+00, 3.200e-01, 3.200e-01, 4.400e+00, 2.850e+00, 0.000e+00, 0.000e+00
2.500e-03, 2.920e+00, 2.222e-05, 0.000e+00, 3.200e-01, 3.200e-01, 4.400e+00, 2.850e+00, 0.000e+00, 0.000e+00
3.000e-03, 2.916e+00, 2.545e-05, 0.000e+00, 3.200e-01, 3.200e-01, 4.400e+00, 2.850e+00, 0.000e+00, 0.000e+00
3.500e-03, 2.913e+00, 2.808e-05, 0.000e+00, 3.200e-01, 3.200e-01, 4.400e+00, 2.850e+00, 0.000e+00, 0.000e+00
4.000e-03, 2.910e+00, 2.929e-05, 0.000e+00, 3.200e-01, 3.200e-01, 4.400e+00, 2.850e+00, 0.000e+00, 0.000e+00
4.500e-03, 2.906e+00, 3.059e-05, 0.000e+00, 3.200e-01, 3.200e-01, 4.400e+00, 2.850e+00, 0.000e+00, 0.000e+00
5.000e-03, 2.903e+00, 3.117e-05, 0.000e+00, 3.200e-01, 3.200e-01, 4.400e+00, 2.850e+00, 0.000e+00, 0.000e+00
5.500e-03, 2.899e+00, 3.109e-05, 0.000e+00, 3.200e-01, 3.200e-01, 4.400e+00, 2.850e+00, 0.000e+00, 0.000e+00
6.000e-03, 2.896e+00, 3.035e-05, 0.000e+00, 3.200e-01, 3.200e-01, 4.400e+00, 2.850e+00, 0.000e+00, 0.000e+00
6.500e-03, 2.891e+00, 2.831e-05, 0.000e+00, 3.200e-01, 3.200e-01, 4.400e+00, 2.850e+00, 0.000e+00, 0.000e+00
7.000e-03, 2.888e+00, 2.648e-05, 0.000e+00, 3.200e-01, 3.200e-01, 4.400e+00, 2.850e+00, 0.000e+00, 0.000e+00
7.500e-03, 2.885e+00, 2.415e-05, 0.000e+00, 3.200e-01, 3.200e-01, 4.400e+00, 2.850e+00, 0.000e+00, 0.000e+00
8.000e-03, 2.881e+00, 2.137e-05, 0.000e+00, 3.200e-01, 3.200e-01, 4.400e+00, 2.850e+00, 0.000e+00, 0.000e+00
8.500e-03, 2.878e+00, 1.821e-05, 0.000e+00, 3.200e-01, 3.200e-01, 4.400e+00, 2.850e+00, 0.000e+00, 0.000e+00
9.000e-03, 2.875e+00, 1.474e-05, 0.000e+00, 3.200e-01, 3.200e-01, 4.400e+00, 2.850e+00, 0.000e+00, 0.000e+00
9.500e-03, 2.871e+00, 1.103e-05, 0.000e+00, 3.200e-01, 3.200e-01, 4.400e+00, 2.850e+00, 0.000e+00, 0.000e+00
1.000e-02, 2.868e+00, 7.176e-06, 0.000e+00, 3.200e-01, 3.200e-01, 4.400e+00, 2.850e+00, 0.000e+00, 0.000e+00
1.050e-02, 2.864e+00, 3.261e-06, 0.000e+00, 3.200e-01, 3.200e-01, 4.400e+00, 2.850e+00, 0.000e+00, 0.000e+00
1.100e-02, 2.861e+00, -6.291e-07, 0.000e+00, 3.200e-01, 3.200e-01, 4.400e+00, 2.850e+00, 0.000e+00, 0.000e+00
1.150e-02, 2.857e+00, -4.407e-06, 0.000e+00, 3.200e-01, 3.200e-01, 4.400e+00, 2.850e+00, 0.000e+00, 0.000e+00
1.200e-02, 2.854e+00, -7.999e-06, 0.000e+00, 3.200e-01, 3.200e-01, 4.400e+00, 2.850e+00, 0.000e+00, 0.000e+00
1.250e-02, 2.850e+00, -1.132e-05, 0.000e+00, 3.200e-01, 3.200e-01, 4.400e+00, 2.850e+00, 0.000e+00, 0.000e+00
1.300e-02, 2.847e+00, -1.428e-05, 0.000e+00, 3.200e-01, 3.200e-01, 4.400e+00, 2.850e+00, 0.000e+00, 0.000e+00
1.350e-02, 2.843e+00, -1.683e-05, 0.000e+00, 3.200e-01, 3.200e-01, 4.400e+00, 2.850e+00, 0.000e+00, 0.000e+00
1.400e-02, 2.841e+00, -1.806e-05, 0.000e+00, 3.200e-01, 3.200e-01, 4.400e+00, 2.850e+00, 0.000e+00, 0.000e+00
1.450e-02, 2.837e+00, -1.979e-05, 0.000e+00, 3.200e-01, 3.200e-01, 4.400e+00, 2.850e+00, 0.000e+00, 0.000e+00
1.500e-02, 2.834e+00, -2.083e-05, 0.000e+00, 3.200e-01, 3.200e-01, 4.400e+00, 2.850e+00, 0.000e+00, 0.000e+00
1.550e-02, 2.830e+00, -2.130e-05, 0.000e+00, 3.200e-01, 3.200e-01, 4.400e+00, 2.850e+00, 0.000e+00, 0.000e+00
1.600e-02, 2.827e+00, -2.124e-05, 0.000e+00, 3.200e-01, 3.200e-01, 4.400e+00, 2.850e+00, 0.000e+00, 0.000e+00
1.650e-02, 2.823e+00, -2.067e-05, 0.000e+00, 3.200e-01, 3.200e-01, 4.400e+00, 2.850e+00, 0.000e+00, 0.000e+00
1.700e-02, 2.820e+00, -1.973e-05, 0.000e+00, 3.200e-01, 3.200e-01, 4.400e+00, 2.850e+00, 0.000e+00, 0.000e+00
1.750e-02, 2.817e+00, -1.844e-05, 0.000e+00, 3.200e-01, 3.200e-01, 4.400e+00, 2.850e+00, 0.000e+00, 0.000e+00
1.800e-02, 2.813e+00, -1.577e-05, 0.000e+00, 3.200e-01, 3.200e-01, 4.400e+00, 2.850e+00, 0.000e+00, 0.000e+00
1.850e-02, 2.810e+00, -1.360e-05, 0.000e+00, 3.200e-01, 3.200e-01, 4.400e+00, 2.850e+00, 0.000e+00, 0.000e+00
1.900e-02, 2.807e+00, -1.113e-05, 0.000e+00, 3.200e-01, 3.200e-01, 4.400e+00, 2.850e+00, 0.000e+00, 0.000e+00
1.950e-02, 2.803e+00, -8.393e-06, 0.000e+00, 3.200e-01, 3.200e-01, 4.400e+00, 2.850e+00, 0.000e+00, 0.000e+00
2.000e-02, 2.800e+00, -5.461e-06, 0.000e+00, 3.200e-01, 3.200e-01, 4.400e+00, 2.850e+00, 0.000e+00, 0.000e+00
2.050e-02, 2.797e+00, -2.395e-06, 0.000e+00, 3.200e-01, 3.200e-01, 4.400e+00, 2.850e+00, 0.000e+00, 0.000e+00
2.100e-02, 2.794e+00, 7.403e-07, 0.000e+00, 3.200e-01, 3.200e-01, 4.400e+00, 2.850e+00, 0.000e+00, 0.000e+00
2.150e-02, 2.790e+00, 3.878e-06, 0.000e+00, 3.200e-01, 3.200e-01, 4.400e+00, 2.850e+00, 0.000e+00, 0.000e+00
2.200e-02, 2.787e+00, 6.959e-06, 0.000e+00, 3.200e-01, 3.200e-01, 4.400e+00, 2.850e+00, 0.000e+00, 0.000e+00
2.250e-02, 2.784e+00, 9.912e-06, 0.000e+00, 3.200e-01, 3.200e-01, 4.400e+00, 2.850e+00, 0.000e+00, 0.000e+00
2.300e-02, 2.780e+00, 1.267e-05, 0.000e+00, 3.200e-01, 3.200e-01, 4.400e+00, 2.850e+00, 0.000e+00, 0.000e+00
2.350e-02, 2.777e+00, 1.518e-05, 0.000e+00, 3.200e-01, 3.200e-01, 4.400e+00, 2.850e+00, 0.000e+00, 0.000e+00
2.400e-02, 2.775e+00, 1.644e-05, 0.000e+00, 3.200e-01, 3.200e-01, 4.400e+00, 2.850e+00, 0.000e+00, 0.000e+00
2.450e-02, 2.771e+00, 1.843e-05, 0.000e+00, 3.200e-01, 3.200e-01, 4.400e+00, 2.850e+00, 0.000e+00, 0.000e+00
2.500e-02, 2.768e+00, 2.004e-05, 0.000e+00, 3.200e-01, 3.200e-01, 4.400e+00, 2.850e+00, 0.000e+00, 0.000e+00
2.550e-02, 2.764e+00, 2.122e-05, 0.000e+00, 3.200e-01, 3.200e-01, 4.400e+00, 2.850e+00, 0.000e+00, 0.000e+00
2.600e-02, 2.761e+00, 2.182e-05, 0.000e+00, 3.200e-01, 3.200e-01, 4.400e+00, 2.850e+00, 0.000e+00, 0.000e+00
2.650e-02, 2.758e+00, 2.202e-05, 0.000e+00, 3.200e-01, 3.200e-01, 4.400e+00, 2.850e+00, 0.000e+00, 0.000e+00
2.700e-02, 2.755e+00, 2.182e-05, 0.000e+00, 3.200e-01, 3.200e-01, 4.400e+00, 2.850e+00, 0.000e+00, 0.000e+00
2.750e-02, 2.751e+00, 2.121e-05, 0.000e+00, 3.200e-01, 3.200e-01, 4.400e+00, 2.850e+00, 0.000e+00, 0.000e+00
2.800e-02, 2.749e+00, 2.040e-05, 0.000e+00, 3.200e-01, 3.200e-01, 4.400e+00, 2.850e+00, 0.000e+00, 0.000e+00
2.850e-02, 2.746e+00, 1.928e-05, 0.000e+00, 3.200e-01, 3.200e-01, 4.400e+00, 2.850e+00, 0.000e+00, 0.000e+00
2.900e-02, 2.743e+00, 1.784e-05, 0.000e+00, 3.200e-01, 3.200e-01, 4.400e+00, 2.850e+00, 0.000e+00, 0.000e+00
2.950e-02, 2.740e+00, 1.613e-05, 0.000e+00, 3.200e-01, 3.200e-01, 4.400e+00, 2.850e+00, 0.000e+00, 0.000e+00
3.000e-02, 2.737e+00, 1.417e-05, 0.000e+00, 3.200e-01, 3.200e-01, 4.400e+00, 2.850e+00, 0.000e+00, 0.000e+00
3.050e-02, 2.734e+00, 1.200e-05, 0.000e+00, 3.200e-01, 3.200e-01, 4.400e+00, 2.850e+00, 0.000e+00, 0.000e+00
3.100e-02, 2.731e+00, 9.681e-06, 0.000e+00, 3.200e-01, 3.200e-01, 4.400e+00, 2.850e+00, 0.000e+00, 0.000e+00
3.150e-02, 2.726e+00, 6.120e-06, 0.000e+00, 3.200e-01, 3.200e-01, 4.400e+00, 2.850e+00, 0.000e+00, 0.000e+00
3.200e-02, 2.723e+00, 3.620e-06, 0.000e+00, 3.200e-01, 3.200e-01, 4.400e+00, 2.850e+00, 0.000e+00, 0.000e+00
3.250e-02, 2.721e+00, 2.244e-06, 0.000e+00, 3.200e-01, 3.200e-01, 4.400e+00, 2.850e+00, 0.000e+00, 0.000e+00
3.300e-02, 2.718e+00, -2.221e-07, 0.000e+00, 3.200e-01, 3.200e-01, 4.400e+00, 2.850e+00, 0.000e+00, 0.000e+00
3.350e-02, 2.715e+00, -2.601e-06, 0.000e+00, 3.200e-01, 3.200e-01, 4.400e+00, 2.850e+00, 0.000e+00, 0.000e+00
3.400e-02, 2.712e+00, -4.846e-06, 0.000e+00, 3.200e-01, 3.200e-01, 4.400e+00, 2.850e+00, 0.000e+00, 0.000e+00
3.450e-02, 2.709e+00, -6.913e-06, 0.000e+00, 3.200e-01, 3.200e-01, 4.400e+00, 2.850e+00, 0.000e+00, 0.000e+00
3.500e-02, 2.705e+00, -8.759e-06, 0.000e+00, 3.200e-01, 3.200e-01, 4.400e+00, 2.850e+00, 0.000e+00, 0.000e+00
3.550e-02, 2.702e+00, -1.035e-05, 0.000e+00, 3.200e-01, 3.200e-01, 4.400e+00, 2.850e+00, 0.000e+00, 0.000e+00
3.600e-02, 2.699e+00, -1.165e-05, 0.000e+00, 3.200e-01, 3.200e-01, 4.400e+00, 2.850e+00, 0.000e+00, 0.000e+00
3.650e-02, 2.695e+00, -1.262e-05, 0.000e+00, 3.200e-01, 3.200e-01, 4.400e+00, 2.850e+00, 0.000e+00, 0.000e+00
3.700e-02, 2.692e+00, -1.313e-05, 0.000e+00, 3.200e-01, 3.200e-01, 4.400e+00, 2.850e+00, 0.000e+00, 0.000e+00
3.750e-02, 2.689e+00, -1.331e-05, 0.000e+00, 3.200e-01, 3.200e-01, 4.400e+00, 2.850e+00, 0.000e+00, 0.000e+00
3.800e-02, 2.686e+00, -1.318e-05, 0.000e+00, 3.200e-01, 3.200e-01, 4.400e+00, 2.850e+00, 0.000e+00, 0.000e+00
3.850e-02, 2.683e+00, -1.274e-05, 0.000e+00, 3.200e-01, 3.200e-01, 4.400e+00, 2.850e+00, 0.000e+00, 0.000e+00
3.900e-02, 2.680e+00, -1.210e-05, 0.000e+00, 3.200e-01, 3.200e-01, 4.400e+00, 2.850e+00, 0.000e+00, 0.000e+00
3.950e-02, 2.678e+00, -1.126e-05, 0.000e+00, 3.200e-01, 3.200e-01, 4.400e+00, 2.850e+00, 0.000e+00, 0.000e+00
4.000e-02, 2.675e+00, -1.017e-05, 0.000e+00, 3.200e-01, 3.200e-01, 4.400e+00, 2.850e+00, 0.000e+00, 0.000e+00
4.050e-02, 2.672e+00, -8.859e-06, 0.000e+00, 3.200e-01, 3.200e-01, 4.400e+00, 2.850e+00, 0.000e+00, 0.000e+00
4.100e-02, 2.669e+00, -7.344e-06, 0.000e+00, 3.200e-01, 3.200e-01, 4.400e+00, 2.850e+00, 0.000e+00, 0.000e+00
4.150e-02, 2.666e+00, -5.658e-06, 0.000e+00, 3.200e-01, 3.200e-01, 4.400e+00, 2.850e+00, 0.000e+00, 0.000e+00
4.200e-02, 2.663e+00, -3.835e-06, 0.000e+00, 3.200e-01, 3.200e-01, 4.400e+00, 2.850e+00, 0.000e+00, 0.000e+00
4.250e-02, 2.660e+00, -1.910e-06, 0.000e+00, 3.200e-01, 3.200e-01, 4.400e+00, 2.850e+00, 0.000e+00, 0.000e+00
4.300e-02, 2.657e+00, 7.925e-08, 0.000e+00, 3.200e-01, 3.200e-01, 4.400e+00, 2.850e+00, 0.000e+00, 0.000e+00
4.350e-02, 2.654e+00, 2.095e-06, 0.000e+00, 3.200e-01, 3.200e-01, 4.400e+00, 2.850e+00, 0.000e+00, 0.000e+00
4.400e-02, 2.651e+00, 4.100e-06, 0.000e+00, 3.200e-01, 3.200e-01, 4.400e+00, 2.850e+00, 0.000e+00, 0.000e+00
4.450e-02, 2.648e+00, 6.055e-06, 0.000e+00, 3.200e-01, 3.200e-01, 4.400e+00, 2.850e+00, 0.000e+00, 0.000e+00
4.500e-02, 2.645e+00, 7.923e-06, 0.000e+00, 3.200e-01, 3.200e-01, 4.400e+00, 2.850e+00, 0.000e+00, 0.000e+00
4.550e-02, 2.642e+00, 9.670e-06, 0.000e+00, 3.200e-01, 3.200e-01, 4.400e+00, 2.850e+00, 0.000e+00, 0.000e+00
4.600e-02, 2.639e+00, 1.126e-05, 0.000e+00, 3.200e-01, 3.200e-01, 4.400e+00, 2.850e+00, 0.000e+00, 0.000e+00
4.650e-02, 2.636e+00, 1.267e-05, 0.000e+00, 3.200e-01, 3.200e-01, 4.400e+00, 2.850e+00, 0.000e+00, 0.000e+00
4.700e-02, 2.633e+00, 1.387e-05, 0.000e+00, 3.200e-01, 3.200e-01, 4.400e+00, 2.850e+00, 0.000e+00, 0.000e+00
4.750e-02, 2.630e+00, 1.483e-05, 0.000e+00, 3.200e-01, 3.200e-01, 4.400e+00, 2.850e+00, 0.000e+00, 0.000e+00
4.800e-02, 2.626e+00, 1.551e-05, 0.000e+00, 3.200e-01, 3.200e-01, 4.400e+00, 2.850e+00, 0.000e+00, 0.000e+00
4.850e-02, 2.624e+00, 1.582e-05, 0.000e+00, 3.200e-01, 3.200e-01, 4.400e+00, 2.850e+00, 0.000e+00, 0.000e+00
4.900e-02, 2.621e+00, 1.590e-05, 0.000e+00, 3.200e-01, 3.200e-01, 4.400e+00, 2.850e+00, 0.000e+00, 0.000e+00
4.950e-02, 2.618e+00, 1.573e-05, 0.000e+00, 3.200e-01, 3.200e-01, 4.400e+00, 2.850e+00, 0.000e+00, 0.000e+00
5.000e-02, 2.615e+00, 1.532e-05, 0.000e+00, 3.200e-01, 3.200e-01, 4.400e+00, 2.850e+00, 0.000e+00, 0.000e+00
5.050e-02, 2.612e+00, 1.480e-05, 0.000e+00, 3.200e-01, 3.200e-01, 4.400e+00, 2.850e+00, 0.000e+00, 0.000e+00
5.100e-02, 2.610e+00, 1.410e-05, 0.000e+00, 3.200e-01, 3.200e-01, 4.400e+00, 2.850e+00, 0.000e+00, 0.000e+00
5.150e-02, 2.607e+00, 1.321e-05, 0.000e+00, 3.200e-01, 3.200e-01, 4.400e+00, 2.850e+00, 0.000e+00, 0.000e+00
5.200e-02, 2.605e+00, 1.215e-05, 0.000e+00, 3.200e-01, 3.200e-01, 4.400e+00, 2.850e+00, 0.000e+00, 0.000e+00
5.250e-02, 2.602e+00, 1.094e-05, 0.000e+00, 3.200e-01, 3.200e-01, 4.400e+00, 2.850e+00, 0.000e+00, 0.000e+00
5.300e-02, 2.599e+00, 9.594e-06, 0.000e+00, 3.200e-01, 3.200e-01, 4.400e+00, 2.850e+00, 0.000e+00, 0.000e+00
5.350e-02, 2.596e+00, 8.144e-06, 0.000e+00, 3.200e-01, 3.200e-01, 4.400e+00, 2.850e+00, 0.000e+00, 0.000e+00
5.400e-02, 2.594e+00, 6.617e-06, 0.000e+00, 3.200e-01, 3.200e-01, 4.400e+00, 2.850e+00, 0.000e+00, 0.000e+00
5.450e-02, 2.591e+00, 5.039e-06, 0.000e+00, 3.200e-01, 3.200e-01, 4.400e+00, 2.850e+00, 0.000e+00, 0.000e+00
5.500e-02, 2.588e+00, 3.441e-06, 0.000e+00, 3.200e-01, 3.200e-01, 4.400e+00, 2.850e+00, 0.000e+00, 0.000e+00
5.550e-02, 2.585e+00, 1.851e-06, 0.000e+00, 3.200e-01, 3.200e-01, 4.400e+00, 2.850e+00, 0.000e+00, 0.000e+00
5.600e-02, 2.582e+00, 2.980e-07, 0.000e+00, 3.200e-01, 3.200e-01, 4.400e+00, 2.850e+00, 0.000e+00, 0.000e+00
5.650e-02, 2.579e+00, -1.190e-06, 0.000e+00, 3.200e-01, 3.200e-01, 4.400e+00, 2.850e+00, 0.000e+00, 0.000e+00
5.700e-02, 2.576e+00, -2.587e-06, 0.000e+00, 3.200e-01, 3.200e-01, 4.400e+00, 2.850e+00, 0.000e+00, 0.000e+00
5.750e-02, 2.574e+00, -3.868e-06, 0.000e+00, 3.200e-01, 3.200e-01, 4.400e+00, 2.850e+00, 0.000e+00, 0.000e+00
5.800e-02, 2.571e+00, -5.008e-06, 0.000e+00, 3.200e-01, 3.200e-01, 4.400e+00, 2.850e+00, 0.000e+00, 0.000e+00
5.850e-02, 2.568e+00, -5.988e-06, 0.000e+00, 3.200e-01, 3.200e-01, 4.400e+00, 2.850e+00, 0.000e+00, 0.000e+00
5.900e-02, 2.565e+00, -6.785e-06, 0.000e+00, 3.200e-01, 3.200e-01, 4.400e+00, 2.850e+00, 0.000e+00, 0.000e+00
5.950e-02, 2.564e+00, -6.979e-06, 0.000e+00, 3.200e-01, 3.200e-01, 4.400e+00, 2.850e+00, 0.000e+00, 0.000e+00
6.000e-02, 2.561e+00, -7.439e-06, 0.000e+00, 3.200e-01, 3.200e-01, 4.400e+00, 2.850e+00, 0.000e+00, 0.000e+00
6.050e-02, 2.558e+00, -7.701e-06, 0.000e+00, 3.200e-01, 3.200e-01, 4.400e+00, 2.850e+00, 0.000e+00, 0.000e+00
6.100e-02, 2.555e+00, -7.772e-06, 0.000e+00, 3.200e-01, 3.200e-01, 4.400e+00, 2.850e+00, 0.000e+00, 0.000e+00
6.150e-02, 2.553e+00, -7.653e-06, 0.000e+00, 3.200e-01, 3.200e-01, 4.400e+00, 2.850e+00, 0.000e+00, 0.000e+00
6.200e-02, 2.550e+00, -7.365e-06, 0.000e+00, 3.200e-01, 3.200e-01, 4.400e+00, 2.850e+00, 0.000e+00, 0.000e+00
6.250e-02, 2.545e+00, -6.480e-06, 0.000e+00, 3.200e-01, 3.200e-01, 4.400e+00, 2.850e+00, 0.000e+00, 0.000e+00
6.300e-02, 2.543e+00, -5.825e-06, 0.000e+00, 3.200e-01, 3.200e-01, 4.400e+00, 2.850e+00, 0.000e+00, 0.000e+00
6.350e-02, 2.540e+00, -5.030e-06, 0.000e+00, 3.200e-01, 3.200e-01, 4.400e+00, 2.850e+00, 0.000e+00, 0.000e+00
6.400e-02, 2.538e+00, -4.108e-06, 0.000e+00, 3.200e-01, 3.200e-01, 4.400e+00, 2.850e+00, 0.000e+00, 0.000e+00
6.450e-02, 2.535e+00, -3.076e-06, 0.000e+00, 3.200e-01, 3.200e-01, 4.400e+00, 2.850e+00, 0.000e+00, 0.000e+00
6.500e-02, 2.533e+00, -1.951e-06, 0.000e+00, 3.200e-01, 3.200e-01, 4.400e+00, 2.850e+00, 0.000e+00, 0.000e+00
6.550e-02, 2.530e+00, -7.529e-07, 0.000e+00, 3.200e-01, 3.200e-01, 4.400e+00, 2.850e+00, 0.000e+00, 0.000e+00
6.600e-02, 2.527e+00, 4.965e-07, 0.000e+00, 3.200e-01, 3.200e-01, 4.400e+00, 2.850e+00, 0.000e+00, 0.000e+00
6.650e-02, 2.525e+00, 1.776e-06, 0.000e+00, 3.200e-01, 3.200e-01, 4.400e+00, 2.850e+00, 0.000e+00, 0.000e+00
6.700e-02, 2.522e+00, 3.064e-06, 0.000e+00, 3.200e-01, 3.200e-01, 4.400e+00, 2.850e+00, 0.000e+00, 0.000e+00
6.750e-02, 2.519e+00, 4.337e-06, 0.000e+00, 3.200e-01, 3.200e-01, 4.400e+00, 2.850e+00, 0.000e+00, 0.000e+00
6.800e-02, 2.517e+00, 5.575e-06, 0.000e+00, 3.200e-01, 3.200e-01, 4.400e+00, 2.850e+00, 0.000e+00, 0.000e+00
6.850e-02, 2.514e+00, 6.755e-06, 0.000e+00, 3.200e-01, 3.200e-01, 4.400e+00, 2.850e+00, 0.000e+00, 0.000e+00
6.900e-02, 2.511e+00, 7.858e-06, 0.000e+00, 3.200e-01, 3.200e-01, 4.400e+00, 2.850e+00, 0.000e+00, 0.000e+00
6.950e-02, 2.508e+00, 8.865e-06, 0.000e+00, 3.200e-01, 3.200e-01, 4.400e+00, 2.850e+00, 0.000e+00, 0.000e+00
7.000e-02, 2.505e+00, 9.759e-06, 0.000e+00, 3.200e-01, 3.200e-01, 4.400e+00, 2.850e+00, 0.000e+00, 0.000e+00
7.050e-02, 2.503e+00, 1.052e-05, 0.000e+00, 3.200e-01, 3.200e-01, 4.400e+00, 2.850e+00, 0.000e+00, 0.000e+00
7.100e-02, 2.502e+00, 1.070e-05, 0.000e+00, 3.200e-01, 3.200e-01, 4.400e+00, 2.850e+00, 0.000e+00, 0.000e+00
7.150e-02, 2.499e+00, 1.126e-05, 0.000e+00, 3.201e-01, 3.201e-01, 4.404e+00, 2.849e+00, 0.000e+00, 0.000e+00
7.200e-02, 2.496e+00, 1.161e-05, 0.000e+00, 3.202e-01, 3.202e-01, 4.412e+00, 2.848e+00, 0.000e+00, 0.000e+00
7.250e-02, 2.494e+00, 1.182e-05, 0.000e+00, 3.204e-01, 3.204e-01, 4.421e+00, 2.846e+00, 0.000e+00, 0.000e+00
7.300e-02, 2.491e+00, 1.188e-05, 0.000e+00, 3.206e-01, 3.206e-01, 4.430e+00, 2.845e+00, 0.000e+00, 0.000e+00
7.350e-02, 2.488e+00, 1.178e-05, 0.000e+00, 3.207e-01, 3.207e-01, 4.439e+00, 2.843e+00, 0.000e+00, 0.000e+00
7.400e-02, 2.486e+00, 1.156e-05, 0.000e+00, 3.209e-01, 3.209e-01, 4.447e+00, 2.842e+00, 0.000e+00, 0.000e+00
7.450e-02, 2.484e+00, 1.124e-05, 0.000e+00, 3.210e-01, 3.210e-01, 4.455e+00, 2.841e+00, 0.000e+00, 0.000e+00
7.500e-02, 2.481e+00, 1.079e-05, 0.000e+00, 3.212e-01, 3.212e-01, 4.463e+00, 2.839e+00, 0.000e+00, 0.000e+00
7.550e-02, 2.477e+00, 9.715e-06, 0.000e+00, 3.215e-01, 3.215e-01, 4.478e+00, 2.837e+00, 0.000e+00, 0.000e+00
7.600e-02, 2.474e+00, 8.999e-06, 0.000e+00, 3.216e-01, 3.216e-01, 4.486e+00, 2.835e+00, 0.000e+00, 0.000e+00
7.650e-02, 2.472e+00, 8.197e-06, 0.000e+00, 3.218e-01, 3.218e-01, 4.494e+00, 2.834e+00, 0.000e+00, 0.000e+00
7.700e-02, 2.469e+00, 7.321e-06, 0.000e+00, 3.219e-01, 3.219e-01, 4.503e+00, 2.833e+00, 0.000e+00, 0.000e+00
7.750e-02, 2.467e+00, 6.386e-06, 0.000e+00, 3.221e-01, 3.221e-01, 4.511e+00, 2.831e+00, 0.000e+00, 0.000e+00
7.800e-02, 2.464e+00, 5.409e-06, 0.000e+00, 3.223e-01, 3.223e-01, 4.519e+00, 2.830e+00, 0.000e+00, 0.000e+00
7.850e-02, 2.462e+00, 4.405e-06, 0.000e+00, 3.224e-01, 3.224e-01, 4.528e+00, 2.828e+00, 0.000e+00, 0.000e+00
7.900e-02, 2.459e+00, 3.392e-06, 0.000e+00, 3.226e-01, 3.226e-01, 4.536e+00, 2.827e+00, 0.000e+00, 0.000e+00
7.950e-02, 2.456e+00, 2.386e-06, 0.000e+00, 3.228e-01, 3.228e-01, 4.545e+00, 2.825e+00, 0.000e+00, 0.000e+00
8.000e-02, 2.454e+00, 1.403e-06, 0.000e+00, 3.229e-01, 3.229e-01, 4.554e+00, 2.824e+00, 0.000e+00, 0.000e+00
8.050e-02, 2.451e+00, 4.602e-07, 0.000e+00, 3.231e-01, 3.231e-01, 4.562e+00, 2.822e+00, 0.000e+00, 0.000e+00
8.100e-02, 2.449e+00, -4.275e-07, 0.000e+00, 3.233e-01, 3.233e-01, 4.571e+00, 2.821e+00, 0.000e+00, 0.000e+00
8.150e-02, 2.446e+00, -1.245e-06, 0.000e+00, 3.234e-01, 3.234e-01, 4.580e+00, 2.819e+00, 0.000e+00, 0.000e+00
8.200e-02, 2.445e+00, -1.448e-06, 0.000e+00, 3.235e-01, 3.235e-01, 4.583e+00, 2.819e+00, 0.000e+00, 0.000e+00
8.250e-02, 2.443e+00, -2.141e-06, 0.000e+00, 3.236e-01, 3.236e-01, 4.591e+00, 2.817e+00, 0.000e+00, 0.000e+00
8.300e-02, 2.440e+00, -2.737e-06, 0.000e+00, 3.238e-01, 3.238e-01, 4.600e+00, 2.816e+00, 0.000e+00, 0.000e+00
8.350e-02, 2.437e+00, -3.225e-06, 0.000e+00, 3.240e-01, 3.240e-01, 4.609e+00, 2.814e+00, 0.000e+00, 0.000e+00
8.400e-02, 2.434e+00, -3.581e-06, 0.000e+00, 3.242e-01, 3.242e-01, 4.619e+00, 2.813e+00, 0.000e+00, 0.000e+00
8.450e-02, 2.432e+00, -3.792e-06, 0.000e+00, 3.243e-01, 3.243e-01, 4.627e+00, 2.811e+00, 0.000e+00, 0.000e+00
8.500e-02, 2.429e+00, -3.888e-06, 0.000e+00, 3.245e-01, 3.245e-01, 4.635e+00, 2.810e+00, 0.000e+00, 0.000e+00
8.550e-02, 2.427e+00, -3.870e-06, 0.000e+00, 3.246e-01, 3.246e-01, 4.644e+00, 2.809e+00, 0.000e+00, 0.000e+00
8.600e-02, 2.424e+00, -3.737e-06, 0.000e+00, 3.248e-01, 3.248e-01, 4.652e+00, 2.807e+00, 0.000e+00, 0.000e+00
8.650e-02, 2.422e+00, -3.519e-06, 0.000e+00, 3.249e-01, 3.249e-01, 4.660e+00, 2.806e+00, 0.000e+00, 0.000e+00
8.700e-02, 2.420e+00, -3.215e-06, 0.000e+00, 3.251e-01, 3.251e-01, 4.667e+00, 2.805e+00, 0.000e+00, 0.000e+00
8.750e-02, 2.417e+00, -2.818e-06, 0.000e+00, 3.252e-01, 3.252e-01, 4.675e+00, 2.803e+00, 0.000e+00, 0.000e+00
8.800e-02, 2.415e+00, -2.333e-06, 0.000e+00, 3.254e-01, 3.254e-01, 4.683e+00, 2.802e+00, 0.000e+00, 0.000e+00
8.850e-02, 2.413e+00, -1.768e-06, 0.000e+00, 3.255e-01, 3.255e-01, 4.691e+00, 2.800e+00, 0.000e+00, 0.000e+00
8.900e-02, 2.410e+00, -1.133e-06, 0.000e+00, 3.257e-01, 3.257e-01, 4.699e+00, 2.799e+00, 0.000e+00, 0.000e+00
8.950e-02, 2.408e+00, -4.371e-07, 0.000e+00, 3.258e-01, 3.258e-01, 4.707e+00, 2.798e+00, 0.000e+00, 0.000e+00
9.000e-02, 2.405e+00, 3.078e-07, 0.000e+00, 3.260e-01, 3.260e-01, 4.716e+00, 2.796e+00, 0.000e+00, 0.000e+00
9.050e-02, 2.403e+00, 1.090e-06, 0.000e+00, 3.262e-01, 3.262e-01, 4.724e+00, 2.795e+00, 0.000e+00, 0.000e+00
9.100e-02, 2.400e+00, 1.897e-06, 0.000e+00, 3.263e-01, 3.263e-01, 4.732e+00, 2.794e+00, 0.000e+00, 0.000e+00
9.150e-02, 2.398e+00, 2.716e-06, 0.000e+00, 3.265e-01, 3.265e-01, 4.740e+00, 2.792e+00, 0.000e+00, 0.000e+00
9.200e-02, 2.395e+00, 3.534e-06, 0.000e+00, 3.266e-01, 3.266e-01, 4.748e+00, 2.791e+00, 0.000e+00, 0.000e+00
9.250e-02, 2.393e+00, 4.340e-06, 0.000e+00, 3.268e-01, 3.268e-01, 4.757e+00, 2.789e+00, 0.000e+00, 0.000e+00
9.300e-02, 2.390e+00, 5.120e-06, 0.000e+00, 3.269e-01, 3.269e-01, 4.765e+00, 2.788e+00, 0.000e+00, 0.000e+00
9.350e-02, 2.388e+00, 5.863e-06, 0.000e+00, 3.271e-01, 3.271e-01, 4.773e+00, 2.787e+00, 0.000e+00, 0.000e+00
9.400e-02, 2.385e+00, 6.559e-06, 0.000e+00, 3.273e-01, 3.273e-01, 4.782e+00, 2.785e+00, 0.000e+00, 0.000e+00
9.450e-02, 2.383e+00, 7.197e-06, 0.000e+00, 3.274e-01, 3.274e-01, 4.790e+00, 2.784e+00, 0.000e+00, 0.000e+00
9.500e-02, 2.380e+00, 7.768e-06, 0.000e+00, 3.276e-01, 3.276e-01, 4.799e+00, 2.782e+00, 0.000e+00, 0.000e+00
9.550e-02, 2.378e+00, 8.264e-06, 0.000e+00, 3.277e-01, 3.277e-01, 4.807e+00, 2.781e+00, 0.000e+00, 0.000e+00
9.600e-02, 2.375e+00, 8.678e-06, 0.000e+00, 3.279e-01, 3.279e-01, 4.816e+00, 2.779e+00, 0.000e+00, 0.000e+00
9.650e-02, 2.373e+00, 8.996e-06, 0.000e+00, 3.281e-01, 3.281e-01, 4.825e+00, 2.778e+00, 0.000e+00, 0.000e+00
9.700e-02, 2.370e+00, 9.189e-06, 0.000e+00, 3.282e-01, 3.282e-01, 4.833e+00, 2.776e+00, 0.000e+00, 0.000e+00
9.750e-02, 2.368e+00, 9.293e-06, 0.000e+00, 3.284e-01, 3.284e-01, 4.841e+00, 2.775e+00, 0.000e+00, 0.000e+00
9.800e-02, 2.365e+00, 9.309e-06, 0.000e+00, 3.285e-01, 3.285e-01, 4.849e+00, 2.774e+00, 0.000e+00, 0.000e+00
9.850e-02, 2.363e+00, 9.236e-06, 0.000e+00, 3.287e-01, 3.287e-01, 4.857e+00, 2.772e+00, 0.000e+00, 0.000e+00
9.900e-02, 2.361e+00, 9.086e-06, 0.000e+00, 3.288e-01, 3.288e-01, 4.865e+00, 2.771e+00, 0.000e+00, 0.000e+00
9.950e-02, 2.358e+00, 8.879e-06, 0.000e+00, 3.290e-01, 3.290e-01, 4.872e+00, 2.770e+00, 0.000e+00, 0.000e+00
1.000e-01, 2.356e+00, 8.598e-06, 0.000e+00, 3.291e-01, 3.291e-01, 4.880e+00, 2.768e+00, 0.000e+00, 0.000e+00
1.005e-01, 2.354e+00, 8.249e-06, 0.000e+00, 3.293e-01, 3.293e-01, 4.887e+00, 2.767e+00, 0.000e+00, 0.000e+00
1.010e-01, 2.352e+00, 7.835e-06, 0.000e+00, 3.294e-01, 3.294e-01, 4.895e+00, 2.766e+00, 0.000e+00, 0.000e+00
1.015e-01, 2.349e+00, 7.364e-06, 0.000e+00, 3.295e-01, 3.295e-01, 4.903e+00, 2.765e+00, 0.000e+00, 0.000e+00
1.020e-01, 2.347e+00, 6.843e-06, 0.000e+00, 3.297e-01, 3.297e-01, 4.910e+00, 2.763e+00, 0.000e+00, 0.000e+00
1.025e-01, 2.345e+00, 6.279e-06, 0.000e+00, 3.298e-01, 3.298e-01, 4.918e+00, 2.762e+00, 0.000e+00, 0.000e+00
1.030e-01, 2.342e+00, 5.683e-06, 0.000e+00, 3.300e-01, 3.300e-01, 4.926e+00, 2.761e+00, 0.000e+00, 0.000e+00
1.035e-01, 2.340e+00, 5.062e-06, 0.000e+00, 3.301e-01, 3.301e-01, 4.934e+00, 2.759e+00, 0.000e+00, 0.000e+00
1.040e-01, 2.337e+00, 4.427e-06, 0.000e+00, 3.303e-01, 3.303e-01, 4.942e+00, 2.758e+00, 0.000e+00, 0.000e+00
1.045e-01, 2.335e+00, 3.788e-06, 0.000e+00, 3.304e-01, 3.304e-01, 4.950e+00, 2.757e+00, 0.000e+00, 0.000e+00
1.050e-01, 2.333e+00, 3.152e-06, 0.000e+00, 3.306e-01, 3.306e-01, 4.958e+00, 2.755e+00, 0.000e+00, 0.000e+00
1.055e-01, 2.330e+00, 2.531e-06, 0.000e+00, 3.307e-01, 3.307e-01, 4.966e+00, 2.754e+00, 0.000e+00, 0.000e+00
1.060e-01, 2.328e+00, 1.933e-06, 0.000e+00, 3.309e-01, 3.309e-01, 4.973e+00, 2.753e+00, 0.000e+00, 0.000e+00
1.065e-01, 2.326e+00, 1.366e-06, 0.000e+00, 3.310e-01, 3.310e-01, 4.981e+00, 2.751e+00, 0.000e+00, 0.000e+00
1.070e-01, 2.323e+00, 8.389e-07, 0.000e+00, 3.312e-01, 3.312e-01, 4.990e+00, 2.750e+00, 0.000e+00, 0.000e+00
1.075e-01, 2.321e+00, 3.588e-07, 0.000e+00, 3.314e-01, 3.314e-01, 4.998e+00, 2.748e+00, 0.000e+00, 0.000e+00
1.080e-01, 2.318e+00, -6.736e-08, 0.000e+00, 3.315e-01, 3.315e-01, 5.006e+00, 2.747e+00, 0.000e+00, 0.000e+00
1.085e-01, 2.316e+00, -4.335e-07, 0.000e+00, 3.317e-01, 3.317e-01, 5.014e+00, 2.746e+00, 0.000e+00, 0.000e+00
1.090e-01, 2.313e+00, -7.340e-07, 0.000e+00, 3.318e-01, 3.318e-01, 5.023e+00, 2.744e+00, 0.000e+00, 0.000e+00
1.095e-01, 2.311e+00, -9.541e-07, 0.000e+00, 3.320e-01, 3.320e-01, 5.031e+00, 2.743e+00, 0.000e+00, 0.000e+00
1.100e-01, 2.308e+00, -1.080e-06, 0.000e+00, 3.321e-01, 3.321e-01, 5.039e+00, 2.741e+00, 0.000e+00, 0.000e+00
1.105e-01, 2.306e+00, -1.139e-06, 0.000e+00, 3.323e-01, 3.323e-01, 5.047e+00, 2.740e+00, 0.000e+00, 0.000e+00
1.110e-01, 2.304e+00, -1.128e-06, 0.000e+00, 3.324e-01, 3.324e-01, 5.054e+00, 2.739e+00, 0.000e+00, 0.000e+00
1.115e-01, 2.301e+00, -1.048e-06, 0.000e+00, 3.326e-01, 3.326e-01, 5.062e+00, 2.737e+00, 0.000e+00, 0.000e+00
1.120e-01, 2.299e+00, -9.109e-07, 0.000e+00, 3.327e-01, 3.327e-01, 5.070e+00, 2.736e+00, 0.000e+00, 0.000e+00
1.125e-01, 2.297e+00, -7.323e-07, 0.000e+00, 3.329e-01, 3.329e-01, 5.076e+00, 2.735e+00, 0.000e+00, 0.000e+00
1.130e-01, 2.295e+00, -4.970e-07, 0.000e+00, 3.330e-01, 3.330e-01, 5.083e+00, 2.734e+00, 0.000e+00, 0.000e+00
1.135e-01, 2.293e+00, -2.077e-07, 0.000e+00, 3.331e-01, 3.331e-01, 5.091e+00, 2.733e+00, 0.000e+00, 0.000e+00
1.140e-01, 2.291e+00, 1.314e-07, 0.000e+00, 3.333e-01, 3.333e-01, 5.098e+00, 2.731e+00, 0.000e+00, 0.000e+00
1.145e-01, 2.288e+00, 5.157e-07, 0.000e+00, 3.334e-01, 3.334e-01, 5.105e+00, 2.730e+00, 0.000e+00, 0.000e+00
1.150e-01, 2.286e+00, 9.395e-07, 0.000e+00, 3.335e-01, 3.335e-01, 5.113e+00, 2.729e+00, 0.000e+00, 0.000e+00
1.155e-01, 2.284e+00, 1.397e-06, 0.000e+00, 3.337e-01, 3.337e-01, 5.120e+00, 2.728e+00, 0.000e+00, 0.000e+00
1.160e-01, 2.282e+00, 1.881e-06, 0.000e+00, 3.338e-01, 3.338e-01, 5.128e+00, 2.726e+00, 0.000e+00, 0.000e+00
1.165e-01, 2.279e+00, 2.385e-06, 0.000e+00, 3.340e-01, 3.340e-01, 5.135e+00, 2.725e+00, 0.000e+00, 0.000e+00
1.170e-01, 2.277e+00, 2.902e-06, 0.000e+00, 3.341e-01, 3.341e-01, 5.143e+00, 2.724e+00, 0.000e+00, 0.000e+00
1.175e-01, 2.275e+00, 3.424e-06, 0.000e+00, 3.343e-01, 3.343e-01, 5.151e+00, 2.722e+00, 0.000e+00, 0.000e+00
1.180e-01, 2.273e+00, 3.945e-06, 0.000e+00, 3.344e-01, 3.344e-01, 5.158e+00, 2.721e+00, 0.000e+00, 0.000e+00
1.185e-01, 2.270e+00, 4.457e-06, 0.000e+00, 3.346e-01, 3.346e-01, 5.166e+00, 2.720e+00, 0.000e+00, 0.000e+00
1.190e-01, 2.268e+00, 4.954e-06, 0.000e+00, 3.347e-01, 3.347e-01, 5.174e+00, 2.719e+00, 0.000e+00, 0.000e+00
1.195e-01, 2.266e+00, 5.428e-06, 0.000e+00, 3.348e-01, 3.348e-01, 5.181e+00, 2.717e+00, 0.000e+00, 0.000e+00
1.200e-01, 2.263e+00, 5.874e-06, 0.000e+00, 3.350e-01, 3.350e-01, 5.189e+00, 2.716e+00, 0.000e+00, 0.000e+00
1.205e-01, 2.261e+00, 6.285e-06, 0.000e+00, 3.351e-01, 3.351e-01, 5.197e+00, 2.715e+00, 0.000e+00, 0.000e+00
1.210e-01, 2.259e+00, 6.657e-06, 0.000e+00, 3.353e-01, 3.353e-01, 5.205e+00, 2.713e+00, 0.000e+00, 0.000e+00
1.215e-01, 2.256e+00, 6.985e-06, 0.000e+00, 3.354e-01, 3.354e-01, 5.213e+00, 2.712e+00, 0.000e+00, 0.000e+00
1.220e-01, 2.254e+00, 7.263e-06, 0.000e+00, 3.356e-01, 3.356e-01, 5.221e+00, 2.710e+00, 0.000e+00, 0.000e+00
1.225e-01, 2.251e+00, 7.489e-06, 0.000e+00, 3.358e-01, 3.358e-01, 5.229e+00, 2.709e+00, 0.000e+00, 0.000e+00
1.230e-01, 2.249e+00, 7.637e-06, 0.000e+00, 3.359e-01, 3.359e-01, 5.237e+00, 2.708e+00, 0.000e+00, 0.000e+00
1.235e-01, 2.247e+00, 7.725e-06, 0.000e+00, 3.360e-01, 3.360e-01, 5.244e+00, 2.706e+00, 0.000e+00, 0.000e+00
1.240e-01, 2.245e+00, 7.759e-06, 0.000e+00, 3.362e-01, 3.362e-01, 5.252e+00, 2.705e+00, 0.000e+00, 0.000e+00
1.245e-01, 2.242e+00, 7.739e-06, 0.000e+00, 3.363e-01, 3.363e-01, 5.259e+00, 2.704e+00, 0.000e+00, 0.000e+00
1.250e-01, 2.240e+00, 7.667e-06, 0.000e+00, 3.365e-01, 3.365e-01, 5.267e+00, 2.703e+00, 0.000e+00, 0.000e+00
1.255e-01, 2.238e+00, 7.559e-06, 0.000e+00, 3.366e-01, 3.366e-01, 5.273e+00, 2.702e+00, 0.000e+00, 0.000e+00
1.260e-01, 2.236e+00, 7.415e-06, 0.000e+00, 3.367e-01, 3.367e-01, 5.280e+00, 2.700e+00, 0.000e+00, 0.000e+00
1.265e-01, 2.234e+00, 7.228e-06, 0.000e+00, 3.368e-01, 3.368e-01, 5.287e+00, 2.699e+00, 0.000e+00, 0.000e+00
1.270e-01, 2.232e+00, 7.000e-06, 0.000e+00, 3.370e-01, 3.370e-01, 5.294e+00, 2.698e+00, 0.000e+00, 0.000e+00
1.275e-01, 2.230e+00, 6.735e-06, 0.000e+00, 3.371e-01, 3.371e-01, 5.301e+00, 2.697e+00, 0.000e+00, 0.000e+00
1.280e-01, 2.228e+00, 6.436e-06, 0.000e+00, 3.372e-01, 3.372e-01, 5.308e+00, 2.696e+00, 0.000e+00, 0.000e+00
1.285e-01, 2.226e+00, 6.107e-06, 0.000e+00, 3.374e-01, 3.374e-01, 5.315e+00, 2.694e+00, 0.000e+00, 0.000e+00
1.290e-01, 2.223e+00, 5.754e-06, 0.000e+00, 3.375e-01, 3.375e-01, 5.322e+00, 2.693e+00, 0.000e+00, 0.000e+00
1.295e-01, 2.221e+00, 5.381e-06, 0.000e+00, 3.377e-01, 3.377e-01, 5.329e+00, 2.692e+00, 0.000e+00, 0.000e+00
1.300e-01, 2.219e+00, 4.993e-06, 0.000e+00, 3.378e-01, 3.378e-01, 5.336e+00, 2.691e+00, 0.000e+00, 0.000e+00
1.305e-01, 2.217e+00, 4.596e-06, 0.000e+00, 3.379e-01, 3.379e-01, 5.344e+00, 2.690e+00, 0.000e+00, 0.000e+00
1.310e-01, 2.215e+00, 4.195e-06, 0.000e+00, 3.381e-01, 3.381e-01, 5.351e+00, 2.688e+00, 0.000e+00, 0.000e+00
1.315e-01, 2.213e+00, 3.796e-06, 0.000e+00, 3.382e-01, 3.382e-01, 5.358e+00, 2.687e+00, 0.000e+00, 0.000e+00
1.320e-01, 2.210e+00, 3.403e-06, 0.000e+00, 3.383e-01, 3.383e-01, 5.366e+00, 2.686e+00, 0.000e+00, 0.000e+00
1.325e-01, 2.208e+00, 3.023e-06, 0.000e+00, 3.385e-01, 3.385e-01, 5.373e+00, 2.685e+00, 0.000e+00, 0.000e+00
1.330e-01, 2.206e+00, 2.659e-06, 0.000e+00, 3.386e-01, 3.386e-01, 5.380e+00, 2.683e+00, 0.000e+00, 0.000e+00
1.335e-01, 2.204e+00, 2.318e-06, 0.000e+00, 3.388e-01, 3.388e-01, 5.388e+00, 2.682e+00, 0.000e+00, 0.000e+00
1.340e-01, 2.201e+00, 2.003e-06, 0.000e+00, 3.389e-01, 3.389e-01, 5.395e+00, 2.681e+00, 0.000e+00, 0.000e+00
1.345e-01, 2.199e+00, 1.718e-06, 0.000e+00, 3.390e-01, 3.390e-01, 5.403e+00, 2.680e+00, 0.000e+00, 0.000e+00
1.350e-01, 2.197e+00, 1.467e-06, 0.000e+00, 3.392e-01, 3.392e-01, 5.411e+00, 2.678e+00, 0.000e+00, 0.000e+00
1.355e-01, 2.195e+00, 1.255e-06, 0.000e+00, 3.393e-01, 3.393e-01, 5.419e+00, 2.677e+00, 0.000e+00, 0.000e+00
1.360e-01, 2.192e+00, 1.083e-06, 0.000e+00, 3.394e-01, 3.394e-01, 5.427e+00, 2.676e+00, 0.000e+00, 0.000e+00
1.365e-01, 2.190e+00, 9.652e-07, 0.000e+00, 3.396e-01, 3.396e-01, 5.436e+00, 2.675e+00, 0.000e+00, 0.000e+00
1.370e-01, 2.188e+00, 9.018e-07, 0.000e+00, 3.397e-01, 3.397e-01, 5.443e+00, 2.674e+00, 0.000e+00, 0.000e+00
1.375e-01, 2.186e+00, 8.792e-07, 0.000e+00, 3.398e-01, 3.398e-01, 5.451e+00, 2.673e+00, 0.000e+00, 0.000e+00
1.380e-01, 2.183e+00, 8.981e-07, 0.000e+00, 3.399e-01, 3.399e-01, 5.458e+00, 2.672e+00, 0.000e+00, 0.000e+00
1.385e-01, 2.181e+00, 9.583e-07, 0.000e+00, 3.400e-01, 3.400e-01, 5.466e+00, 2.671e+00, 0.000e+00, 0.000e+00
1.390e-01, 2.179e+00, 1.053e-06, 0.000e+00, 3.401e-01, 3.401e-01, 5.473e+00, 2.670e+00, 0.000e+00, 0.000e+00
1.395e-01, 2.177e+00, 1.167e-06, 0.000e+00, 3.402e-01, 3.402e-01, 5.479e+00, 2.669e+00, 0.000e+00, 0.000e+00
1.400e-01, 2.175e+00, 1.314e-06, 0.000e+00, 3.403e-01, 3.403e-01, 5.486e+00, 2.668e+00, 0.000e+00, 0.000e+00
1.405e-01, 2.174e+00, 1.495e-06, 0.000e+00, 3.405e-01, 3.405e-01, 5.493e+00, 2.667e+00, 0.000e+00, 0.000e+00
1.410e-01, 2.172e+00, 1.705e-06, 0.000e+00, 3.406e-01, 3.406e-01, 5.500e+00, 2.666e+00, 0.000e+00, 0.000e+00
1.415e-01, 2.169e+00, 1.943e-06, 0.000e+00, 3.407e-01, 3.407e-01, 5.507e+00, 2.665e+00, 0.000e+00, 0.000e+00
1.420e-01, 2.167e+00, 2.206e-06, 0.000e+00, 3.408e-01, 3.408e-01, 5.514e+00, 2.664e+00, 0.000e+00, 0.000e+00
1.425e-01, 2.165e+00, 2.490e-06, 0.000e+00, 3.409e-01, 3.409e-01, 5.521e+00, 2.663e+00, 0.000e+00, 0.000e+00
1.430e-01, 2.163e+00, 2.792e-06, 0.000e+00, 3.410e-01, 3.410e-01, 5.528e+00, 2.662e+00, 0.000e+00, 0.000e+00
1.435e-01, 2.161e+00, 3.107e-06, 0.000e+00, 3.411e-01, 3.411e-01, 5.536e+00, 2.661e+00, 0.000e+00, 0.000e+00
1.440e-01, 2.159e+00, 3.433e-06, 0.000e+00, 3.412e-01, 3.412e-01, 5.543e+00, 2.660e+00, 0.000e+00, 0.000e+00
1.445e-01, 2.157e+00, 3.764e-06, 0.000e+00, 3.414e-01, 3.414e-01, 5.550e+00, 2.659e+00, 0.000e+00, 0.000e+00
1.450e-01, 2.155e+00, 4.097e-06, 0.000e+00, 3.415e-01, 3.415e-01, 5.557e+00, 2.658e+00, 0.000e+00, 0.000e+00
1.455e-01, 2.153e+00, 4.427e-06, 0.000e+00, 3.416e-01, 3.416e-01, 5.565e+00, 2.656e+00, 0.000e+00, 0.000e+00
1.460e-01, 2.151e+00, 4.751e-06, 0.000e+00, 3.417e-01, 3.417e-01, 5.572e+00, 2.655e+00, 0.000e+00, 0.000e+00
1.465e-01, 2.149e+00, 5.065e-06, 0.000e+00, 3.418e-01, 3.418e-01, 5.580e+00, 2.654e+00, 0.000e+00, 0.000e+00
1.470e-01, 2.147e+00, 5.365e-06, 0.000e+00, 3.419e-01, 3.419e-01, 5.587e+00, 2.653e+00, 0.000e+00, 0.000e+00
1.475e-01, 2.144e+00, 5.648e-06, 0.000e+00, 3.421e-01, 3.421e-01, 5.594e+00, 2.652e+00, 0.000e+00, 0.000e+00
1.480e-01, 2.142e+00, 5.909e-06, 0.000e+00, 3.422e-01, 3.422e-01, 5.602e+00, 2.651e+00, 0.000e+00, 0.000e+00
1.485e-01, 2.140e+00, 6.147e-06, 0.000e+00, 3.423e-01, 3.423e-01, 5.610e+00, 2.650e+00, 0.000e+00, 0.000e+00
1.490e-01, 2.138e+00, 6.358e-06, 0.000e+00, 3.424e-01, 3.424e-01, 5.617e+00, 2.649e+00, 0.000e+00, 0.000e+00
1.495e-01, 2.136e+00, 6.541e-06, 0.000e+00, 3.425e-01, 3.425e-01, 5.625e+00, 2.648e+00, 0.000e+00, 0.000e+00
1.500e-01, 2.133e+00, 6.691e-06, 0.000e+00, 3.427e-01, 3.427e-01, 5.633e+00, 2.647e+00, 0.000e+00, 0.000e+00
1.505e-01, 2.131e+00, 6.799e-06, 0.000e+00, 3.428e-01, 3.428e-01, 5.641e+00, 2.646e+00, 0.000e+00, 0.000e+00
1.510e-01, 2.129e+00, 6.862e-06, 0.000e+00, 3.429e-01, 3.429e-01, 5.648e+00, 2.645e+00, 0.000e+00, 0.000e+00
1.515e-01, 2.127e+00, 6.893e-06, 0.000e+00, 3.430e-01, 3.430e-01, 5.655e+00, 2.644e+00, 0.000e+00, 0.000e+00
1.520e-01, 2.125e+00, 6.893e-06, 0.000e+00, 3.431e-01, 3.431e-01, 5.663e+00, 2.642e+00, 0.000e+00, 0.000e+00
1.525e-01, 2.123e+00, 6.861e-06, 0.000e+00, 3.432e-01, 3.432e-01, 5.670e+00, 2.641e+00, 0.000e+00, 0.000e+00
1.530e-01, 2.121e+00, 6.799e-06, 0.000e+00, 3.434e-01, 3.434e-01, 5.677e+00, 2.640e+00, 0.000e+00, 0.000e+00
1.535e-01, 2.119e+00, 6.725e-06, 0.000e+00, 3.434e-01, 3.434e-01, 5.683e+00, 2.640e+00, 0.000e+00, 0.000e+00
1.540e-01, 2.117e+00, 6.625e-06, 0.000e+00, 3.435e-01, 3.435e-01, 5.689e+00, 2.639e+00, 0.000e+00, 0.000e+00
1.545e-01, 2.116e+00, 6.501e-06, 0.000e+00, 3.436e-01, 3.436e-01, 5.696e+00, 2.638e+00, 0.000e+00, 0.000e+00
1.550e-01, 2.114e+00, 6.353e-06, 0.000e+00, 3.437e-01, 3.437e-01, 5.702e+00, 2.637e+00, 0.000e+00, 0.000e+00
1.555e-01, 2.112e+00, 6.184e-06, 0.000e+00, 3.439e-01, 3.439e-01, 5.709e+00, 2.636e+00, 0.000e+00, 0.000e+00
1.560e-01, 2.110e+00, 5.995e-06, 0.000e+00, 3.440e-01, 3.440e-01, 5.716e+00, 2.635e+00, 0.000e+00, 0.000e+00
1.565e-01, 2.108e+00, 5.790e-06, 0.000e+00, 3.441e-01, 3.441e-01, 5.723e+00, 2.634e+00, 0.000e+00, 0.000e+00
1.570e-01, 2.106e+00, 5.570e-06, 0.000e+00, 3.442e-01, 3.442e-01, 5.729e+00, 2.633e+00, 0.000e+00, 0.000e+00
1.575e-01, 2.104e+00, 5.338e-06, 0.000e+00, 3.443e-01, 3.443e-01, 5.736e+00, 2.632e+00, 0.000e+00, 0.000e+00
1.580e-01, 2.102e+00, 5.098e-06, 0.000e+00, 3.444e-01, 3.444e-01, 5.743e+00, 2.631e+00, 0.000e+00, 0.000e+00
1.585e-01, 2.100e+00, 4.853e-06, 0.000e+00, 3.445e-01, 3.445e-01, 5.750e+00, 2.630e+00, 0.000e+00, 0.000e+00
1.590e-01, 2.098e+00, 4.604e-06, 0.000e+00, 3.446e-01, 3.446e-01, 5.757e+00, 2.629e+00, 0.000e+00, 0.000e+00
1.595e-01, 2.096e+00, 4.357e-06, 0.000e+00, 3.447e-01, 3.447e-01, 5.764e+00, 2.628e+00, 0.000e+00, 0.000e+00
1.600e-01, 2.094e+00, 4.113e-06, 0.000e+00, 3.448e-01, 3.448e-01, 5.771e+00, 2.627e+00, 0.000e+00, 0.000e+00
1.605e-01, 2.092e+00, 3.875e-06, 0.000e+00, 3.449e-01, 3.449e-01, 5.778e+00, 2.626e+00, 0.000e+00, 0.000e+00
1.610e-01, 2.090e+00, 3.647e-06, 0.000e+00, 3.451e-01, 3.451e-01, 5.785e+00, 2.625e+00, 0.000e+00, 0.000e+00
1.615e-01, 2.088e+00, 3.431e-06, 0.000e+00, 3.452e-01, 3.452e-01, 5.793e+00, 2.624e+00, 0.000e+00, 0.000e+00
1.620e-01, 2.086e+00, 3.230e-06, 0.000e+00, 3.453e-01, 3.453e-01, 5.800e+00, 2.623e+00, 0.000e+00, 0.000e+00
1.625e-01, 2.084e+00, 3.046e-06, 0.000e+00, 3.454e-01, 3.454e-01, 5.807e+00, 2.622e+00, 0.000e+00, 0.000e+00
1.630e-01, 2.082e+00, 2.881e-06, 0.000e+00, 3.455e-01, 3.455e-01, 5.814e+00, 2.621e+00, 0.000e+00, 0.000e+00
1.635e-01, 2.079e+00, 2.738e-06, 0.000e+00, 3.456e-01, 3.456e-01, 5.822e+00, 2.620e+00, 0.000e+00, 0.000e+00
1.640e-01, 2.077e+00, 2.619e-06, 0.000e+00, 3.457e-01, 3.457e-01, 5.829e+00, 2.619e+00, 0.000e+00, 0.000e+00
1.645e-01, 2.075e+00, 2.525e-06, 0.000e+00, 3.459e-01, 3.459e-01, 5.837e+00, 2.618e+00, 0.000e+00, 0.000e+00
1.650e-01, 2.073e+00, 2.468e-06, 0.000e+00, 3.460e-01, 3.460e-01, 5.845e+00, 2.616e+00, 0.000e+00, 0.000e+00
1.655e-01, 2.071e+00, 2.440e-06, 0.000e+00, 3.461e-01, 3.461e-01, 5.852e+00, 2.615e+00, 0.000e+00, 0.000e+00
1.660e-01, 2.069e+00, 2.437e-06, 0.000e+00, 3.462e-01, 3.462e-01, 5.858e+00, 2.615e+00, 0.000e+00, 0.000e+00
1.665e-01, 2.067e+00, 2.459e-06, 0.000e+00, 3.463e-01, 3.463e-01, 5.865e+00, 2.614e+00, 0.000e+00, 0.000e+00
1.670e-01, 2.065e+00, 2.505e-06, 0.000e+00, 3.464e-01, 3.464e-01, 5.872e+00, 2.613e+00, 0.000e+00, 0.000e+00
1.675e-01, 2.063e+00, 2.574e-06, 0.000e+00, 3.465e-01, 3.465e-01, 5.879e+00, 2.612e+00, 0.000e+00, 0.000e+00
1.680e-01, 2.062e+00, 2.647e-06, 0.000e+00, 3.466e-01, 3.466e-01, 5.884e+00, 2.611e+00, 0.000e+00, 0.000e+00
1.685e-01, 2.060e+00, 2.741e-06, 0.000e+00, 3.467e-01, 3.467e-01, 5.890e+00, 2.610e+00, 0.000e+00, 0.000e+00
1.690e-01, 2.058e+00, 2.854e-06, 0.000e+00, 3.468e-01, 3.468e-01, 5.896e+00, 2.609e+00, 0.000e+00, 0.000e+00
1.695e-01, 2.056e+00, 2.985e-06, 0.000e+00, 3.469e-01, 3.469e-01, 5.903e+00, 2.608e+00, 0.000e+00, 0.000e+00
1.700e-01, 2.055e+00, 3.133e-06, 0.000e+00, 3.470e-01, 3.470e-01, 5.909e+00, 2.607e+00, 0.000e+00, 0.000e+00
1.705e-01, 2.053e+00, 3.297e-06, 0.000e+00, 3.471e-01, 3.471e-01, 5.916e+00, 2.606e+00, 0.000e+00, 0.000e+00
1.710e-01, 2.051e+00, 3.473e-06, 0.000e+00, 3.472e-01, 3.472e-01, 5.922e+00, 2.605e+00, 0.000e+00, 0.000e+00
1.715e-01, 2.049e+00, 3.661e-06, 0.000e+00, 3.473e-01, 3.473e-01, 5.929e+00, 2.604e+00, 0.000e+00, 0.000e+00
1.720e-01, 2.047e+00, 3.859e-06, 0.000e+00, 3.474e-01, 3.474e-01, 5.935e+00, 2.604e+00, 0.000e+00, 0.000e+00
1.725e-01, 2.045e+00, 4.063e-06, 0.000e+00, 3.475e-01, 3.475e-01, 5.942e+00, 2.603e+00, 0.000e+00, 0.000e+00
1.730e-01, 2.043e+00, 4.272e-06, 0.000e+00, 3.476e-01, 3.476e-01, 5.948e+00, 2.602e+00, 0.000e+00, 0.000e+00
1.735e-01, 2.041e+00, 4.483e-06, 0.000e+00, 3.477e-01, 3.477e-01, 5.955e+00, 2.601e+00, 0.000e+00, 0.000e+00
1.740e-01, 2.039e+00, 4.695e-06, 0.000e+00, 3.478e-01, 3.478e-01, 5.962e+00, 2.600e+00, 0.000e+00, 0.000e+00
1.745e-01, 2.038e+00, 4.905e-06, 0.000e+00, 3.479e-01, 3.479e-01, 5.969e+00, 2.599e+00, 0.000e+00, 0.000e+00
1.750e-01, 2.036e+00, 5.110e-06, 0.000e+00, 3.480e-01, 3.480e-01, 5.975e+00, 2.598e+00, 0.000e+00, 0.000e+00
1.755e-01, 2.034e+00, 5.309e-06, 0.000e+00, 3.481e-01, 3.481e-01, 5.982e+00, 2.597e+00, 0.000e+00, 0.000e+00
1.760e-01, 2.032e+00, 5.499e-06, 0.000e+00, 3.483e-01, 3.483e-01, 5.989e+00, 2.596e+00, 0.000e+00, 0.000e+00
1.765e-01, 2.030e+00, 5.679e-06, 0.000e+00, 3.484e-01, 3.484e-01, 5.996e+00, 2.595e+00, 0.000e+00, 0.000e+00
1.770e-01, 2.028e+00, 5.847e-06, 0.000e+00, 3.485e-01, 3.485e-01, 6.003e+00, 2.594e+00, 0.000e+00, 0.000e+00
1.775e-01, 2.026e+00, 6.000e-06, 0.000e+00, 3.486e-01, 3.486e-01, 6.010e+00, 2.593e+00, 0.000e+00, 0.000e+00
1.780e-01, 2.024e+00, 6.138e-06, 0.000e+00, 3.487e-01, 3.487e-01, 6.017e+00, 2.592e+00, 0.000e+00, 0.000e+00
1.785e-01, 2.022e+00, 6.258e-06, 0.000e+00, 3.488e-01, 3.488e-01, 6.024e+00, 2.591e+00, 0.000e+00, 0.000e+00
1.790e-01, 2.020e+00, 6.360e-06, 0.000e+00, 3.489e-01, 3.489e-01, 6.031e+00, 2.590e+00, 0.000e+00, 0.000e+00
1.795e-01, 2.017e+00, 6.442e-06, 0.000e+00, 3.490e-01, 3.490e-01, 6.039e+00, 2.589e+00, 0.000e+00, 0.000e+00
1.800e-01, 2.015e+00, 6.488e-06, 0.000e+00, 3.491e-01, 3.491e-01, 6.046e+00, 2.588e+00, 0.000e+00, 0.000e+00
1.805e-01, 2.014e+00, 6.516e-06, 0.000e+00, 3.492e-01, 3.492e-01, 6.052e+00, 2.587e+00, 0.000e+00, 0.000e+00
1.810e-01, 2.012e+00, 6.525e-06, 0.000e+00, 3.494e-01, 3.494e-01, 6.059e+00, 2.586e+00, 0.000e+00, 0.000e+00
1.815e-01, 2.010e+00, 6.516e-06, 0.000e+00, 3.495e-01, 3.495e-01, 6.065e+00, 2.585e+00, 0.000e+00, 0.000e+00
1.820e-01, 2.008e+00, 6.488e-06, 0.000e+00, 3.496e-01, 3.496e-01, 6.072e+00, 2.584e+00, 0.000e+00, 0.000e+00
1.825e-01, 2.006e+00, 6.446e-06, 0.000e+00, 3.497e-01, 3.497e-01, 6.078e+00, 2.583e+00, 0.000e+00, 0.000e+00
1.830e-01, 2.005e+00, 6.397e-06, 0.000e+00, 3.497e-01, 3.497e-01, 6.083e+00, 2.582e+00, 0.000e+00, 0.000e+00
1.835e-01, 2.003e+00, 6.333e-06, 0.000e+00, 3.498e-01, 3.498e-01, 6.089e+00, 2.582e+00, 0.000e+00, 0.000e+00
1.840e-01, 2.001e+00, 6.255e-06, 0.000e+00, 3.499e-01, 3.499e-01, 6.095e+00, 2.581e+00, 0.000e+00, 0.000e+00
1.845e-01, 2.000e+00, 6.164e-06, 0.000e+00, 3.500e-01, 3.500e-01, 6.101e+00, 2.580e+00, 0.000e+00, 0.000e+00
1.850e-01, 1.998e+00, 6.060e-06, 0.000e+00, 3.501e-01, 3.501e-01, 6.107e+00, 2.579e+00, 0.000e+00, 0.000e+00
1.855e-01, 1.996e+00, 5.944e-06, 0.000e+00, 3.503e-01, 3.503e-01, 6.113e+00, 2.578e+00, 0.000e+00, 0.000e+00
1.860e-01, 1.994e+00, 5.819e-06, 0.000e+00, 3.504e-01, 3.504e-01, 6.119e+00, 2.576e+00, 0.000e+00, 0.000e+00
1.865e-01, 1.993e+00, 5.686e-06, 0.000e+00, 3.505e-01, 3.505e-01, 6.126e+00, 2.575e+00, 0.000e+00, 0.000e+00
1.870e-01, 1.991e+00, 5.546e-06, 0.000e+00, 3.507e-01, 3.507e-01, 6.132e+00, 2.574e+00, 0.000e+00, 0.000e+00
1.875e-01, 1.989e+00, 5.401e-06, 0.000e+00, 3.508e-01, 3.508e-01, 6.138e+00, 2.573e+00, 0.000e+00, 0.000e+00
1.880e-01, 1.987e+00, 5.252e-06, 0.000e+00, 3.510e-01, 3.510e-01, 6.144e+00, 2.572e+00, 0.000e+00, 0.000e+00
1.885e-01, 1.985e+00, 5.101e-06, 0.000e+00, 3.511e-01, 3.511e-01, 6.151e+00, 2.571e+00, 0.000e+00, 0.000e+00
1.890e-01, 1.984e+00, 4.950e-06, 0.000e+00, 3.512e-01, 3.512e-01, 6.157e+00, 2.569e+00, 0.000e+00, 0.000e+00
1.895e-01, 1.982e+00, 4.800e-06, 0.000e+00, 3.514e-01, 3.514e-01, 6.164e+00, 2.568e+00, 0.000e+00, 0.000e+00
1.900e-01, 1.980e+00, 4.654e-06, 0.000e+00, 3.515e-01, 3.515e-01, 6.170e+00, 2.567e+00, 0.000e+00, 0.000e+00
1.905e-01, 1.978e+00, 4.512e-06, 0.000e+00, 3.516e-01, 3.516e-01, 6.176e+00, 2.566e+00, 0.000e+00, 0.000e+00
1.910e-01, 1.976e+00, 4.376e-06, 0.000e+00, 3.518e-01, 3.518e-01, 6.183e+00, 2.565e+00, 0.000e+00, 0.000e+00
1.915e-01, 1.974e+00, 4.248e-06, 0.000e+00, 3.519e-01, 3.519e-01, 6.190e+00, 2.563e+00, 0.000e+00, 0.000e+00
1.920e-01, 1.973e+00, 4.130e-06, 0.000e+00, 3.521e-01, 3.521e-01, 6.196e+00, 2.562e+00, 0.000e+00, 0.000e+00
1.925e-01, 1.971e+00, 4.022e-06, 0.000e+00, 3.522e-01, 3.522e-01, 6.203e+00, 2.561e+00, 0.000e+00, 0.000e+00
1.930e-01, 1.969e+00, 3.926e-06, 0.000e+00, 3.523e-01, 3.523e-01, 6.210e+00, 2.560e+00, 0.000e+00, 0.000e+00
1.935e-01, 1.967e+00, 3.843e-06, 0.000e+00, 3.525e-01, 3.525e-01, 6.216e+00, 2.558e+00, 0.000e+00, 0.000e+00
1.940e-01, 1.965e+00, 3.774e-06, 0.000e+00, 3.526e-01, 3.526e-01, 6.224e+00, 2.557e+00, 0.000e+00, 0.000e+00
1.945e-01, 1.963e+00, 3.722e-06, 0.000e+00, 3.528e-01, 3.528e-01, 6.231e+00, 2.556e+00, 0.000e+00, 0.000e+00
1.950e-01, 1.961e+00, 3.690e-06, 0.000e+00, 3.530e-01, 3.530e-01, 6.238e+00, 2.554e+00, 0.000e+00, 0.000e+00
1.955e-01, 1.959e+00, 3.677e-06, 0.000e+00, 3.531e-01, 3.531e-01, 6.244e+00, 2.553e+00, 0.000e+00, 0.000e+00
1.960e-01, 1.957e+00, 3.679e-06, 0.000e+00, 3.532e-01, 3.532e-01, 6.250e+00, 2.552e+00, 0.000e+00, 0.000e+00
1.965e-01, 1.955e+00, 3.695e-06, 0.000e+00, 3.534e-01, 3.534e-01, 6.257e+00, 2.551e+00, 0.000e+00, 0.000e+00
1.970e-01, 1.953e+00, 3.726e-06, 0.000e+00, 3.535e-01, 3.535e-01, 6.263e+00, 2.550e+00, 0.000e+00, 0.000e+00
1.975e-01, 1.952e+00, 3.770e-06, 0.000e+00, 3.536e-01, 3.536e-01, 6.269e+00, 2.549e+00, 0.000e+00, 0.000e+00
1.980e-01, 1.950e+00, 3.819e-06, 0.000e+00, 3.537e-01, 3.537e-01, 6.275e+00, 2.548e+00, 0.000e+00, 0.000e+00
1.985e-01, 1.949e+00, 3.874e-06, 0.000e+00, 3.538e-01, 3.538e-01, 6.280e+00, 2.547e+00, 0.000e+00, 0.000e+00
1.990e-01, 1.947e+00, 3.941e-06, 0.000e+00, 3.540e-01, 3.540e-01, 6.285e+00, 2.546e+00, 0.000e+00, 0.000e+00
1.995e-01, 1.946e+00, 4.019e-06, 0.000e+00, 3.541e-01, 3.541e-01, 6.291e+00, 2.545e+00, 0.000e+00, 0.000e+00
2.000e-01, 1.944e+00, 4.107e-06, 0.000e+00, 3.542e-01, 3.542e-01, 6.296e+00, 2.544e+00, 0.000e+00, 0.000e+00
2.005e-01, 1.942e+00, 4.205e-06, 0.000e+00, 3.543e-01, 3.543e-01, 6.302e+00, 2.542e+00, 0.000e+00, 0.000e+00
2.010e-01, 1.941e+00, 4.311e-06, 0.000e+00, 3.545e-01, 3.545e-01, 6.308e+00, 2.541e+00, 0.000e+00, 0.000e+00
2.015e-01, 1.939e+00, 4.424e-06, 0.000e+00, 3.546e-01, 3.546e-01, 6.314e+00, 2.540e+00, 0.000e+00, 0.000e+00
2.020e-01, 1.937e+00, 4.544e-06, 0.000e+00, 3.547e-01, 3.547e-01, 6.320e+00, 2.539e+00, 0.000e+00, 0.000e+00
2.025e-01, 1.935e+00, 4.668e-06, 0.000e+00, 3.548e-01, 3.548e-01, 6.326e+00, 2.538e+00, 0.000e+00, 0.000e+00
2.030e-01, 1.934e+00, 4.797e-06, 0.000e+00, 3.550e-01, 3.550e-01, 6.332e+00, 2.537e+00, 0.000e+00, 0.000e+00
2.035e-01, 1.932e+00, 4.921e-06, 0.000e+00, 3.551e-01, 3.551e-01, 6.338e+00, 2.536e+00, 0.000e+00, 0.000e+00
2.040e-01, 1.930e+00, 5.055e-06, 0.000e+00, 3.552e-01, 3.552e-01, 6.344e+00, 2.535e+00, 0.000e+00, 0.000e+00
2.045e-01, 1.929e+00, 5.188e-06, 0.000e+00, 3.554e-01, 3.554e-01, 6.350e+00, 2.534e+00, 0.000e+00, 0.000e+00
2.050e-01, 1.927e+00, 5.318e-06, 0.000e+00, 3.555e-01, 3.555e-01, 6.356e+00, 2.532e+00, 0.000e+00, 0.000e+00
2.055e-01, 1.925e+00, 5.446e-06, 0.000e+00, 3.556e-01, 3.556e-01, 6.362e+00, 2.531e+00, 0.000e+00, 0.000e+00
2.060e-01, 1.923e+00, 5.569e-06, 0.000e+00, 3.558e-01, 3.558e-01, 6.368e+00, 2.530e+00, 0.000e+00, 0.000e+00
2.065e-01, 1.921e+00, 5.694e-06, 0.000e+00, 3.559e-01, 3.559e-01, 6.375e+00, 2.529e+00, 0.000e+00, 0.000e+00
2.070e-01, 1.920e+00, 5.807e-06, 0.000e+00, 3.560e-01, 3.560e-01, 6.381e+00, 2.528e+00, 0.000e+00, 0.000e+00
2.075e-01, 1.918e+00, 5.914e-06, 0.000e+00, 3.562e-01, 3.562e-01, 6.388e+00, 2.527e+00, 0.000e+00, 0.000e+00
2.080e-01, 1.916e+00, 6.012e-06, 0.000e+00, 3.563e-01, 3.563e-01, 6.394e+00, 2.525e+00, 0.000e+00, 0.000e+00
2.085e-01, 1.914e+00, 6.100e-06, 0.000e+00, 3.564e-01, 3.564e-01, 6.400e+00, 2.524e+00, 0.000e+00, 0.000e+00
2.090e-01, 1.912e+00, 6.179e-06, 0.000e+00, 3.566e-01, 3.566e-01, 6.407e+00, 2.523e+00, 0.000e+00, 0.000e+00
2.095e-01, 1.910e+00, 6.247e-06, 0.000e+00, 3.567e-01, 3.567e-01, 6.414e+00, 2.522e+00, 0.000e+00, 0.000e+00
2.100e-01, 1.908e+00, 6.303e-06, 0.000e+00, 3.569e-01, 3.569e-01, 6.421e+00, 2.520e+00, 0.000e+00, 0.000e+00
2.105e-01, 1.906e+00, 6.343e-06, 0.000e+00, 3.570e-01, 3.570e-01, 6.428e+00, 2.519e+00, 0.000e+00, 0.000e+00
2.110e-01, 1.905e+00, 6.365e-06, 0.000e+00, 3.572e-01, 3.572e-01, 6.434e+00, 2.518e+00, 0.000e+00, 0.000e+00
2.115e-01, 1.903e+00, 6.376e-06, 0.000e+00, 3.573e-01, 3.573e-01, 6.440e+00, 2.517e+00, 0.000e+00, 0.000e+00
2.120e-01, 1.901e+00, 6.376e-06, 0.000e+00, 3.574e-01, 3.574e-01, 6.446e+00, 2.516e+00, 0.000e+00, 0.000e+00
2.125e-01, 1.900e+00, 6.365e-06, 0.000e+00, 3.575e-01, 3.575e-01, 6.452e+00, 2.515e+00, 0.000e+00, 0.000e+00
2.130e-01, 1.898e+00, 6.344e-06, 0.000e+00, 3.577e-01, 3.577e-01, 6.458e+00, 2.514e+00, 0.000e+00, 0.000e+00
2.135e-01, 1.896e+00, 6.315e-06, 0.000e+00, 3.578e-01, 3.578e-01, 6.463e+00, 2.513e+00, 0.000e+00, 0.000e+00
2.140e-01, 1.895e+00, 6.284e-06, 0.000e+00, 3.579e-01, 3.579e-01, 6.468e+00, 2.512e+00, 0.000e+00, 0.000e+00
2.145e-01, 1.893e+00, 6.244e-06, 0.000e+00, 3.580e-01, 3.580e-01, 6.473e+00, 2.511e+00, 0.000e+00, 0.000e+00
2.150e-01, 1.892e+00, 6.196e-06, 0.000e+00, 3.581e-01, 3.581e-01, 6.478e+00, 2.510e+00, 0.000e+00, 0.000e+00
2.155e-01, 1.890e+00, 6.140e-06, 0.000e+00, 3.582e-01, 3.582e-01, 6.484e+00, 2.509e+00, 0.000e+00, 0.000e+00
2.160e-01, 1.889e+00, 6.077e-06, 0.000e+00, 3.583e-01, 3.583e-01, 6.489e+00, 2.508e+00, 0.000e+00, 0.000e+00
2.165e-01, 1.887e+00, 6.008e-06, 0.000e+00, 3.585e-01, 3.585e-01, 6.495e+00, 2.507e+00, 0.000e+00, 0.000e+00
2.170e-01, 1.886e+00, 5.933e-06, 0.000e+00, 3.586e-01, 3.586e-01, 6.500e+00, 2.506e+00, 0.000e+00, 0.000e+00
2.175e-01, 1.884e+00, 5.853e-06, 0.000e+00, 3.587e-01, 3.587e-01, 6.506e+00, 2.505e+00, 0.000e+00, 0.000e+00
2.180e-01, 1.882e+00, 5.770e-06, 0.000e+00, 3.588e-01, 3.588e-01, 6.512e+00, 2.504e+00, 0.000e+00, 0.000e+00
2.185e-01, 1.881e+00, 5.683e-06, 0.000e+00, 3.589e-01, 3.589e-01, 6.517e+00, 2.502e+00, 0.000e+00, 0.000e+00
2.190e-01, 1.879e+00, 5.608e-06, 0.000e+00, 3.590e-01, 3.590e-01, 6.522e+00, 2.502e+00, 0.000e+00, 0.000e+00
2.195e-01, 1.878e+00, 5.517e-06, 0.000e+00, 3.592e-01, 3.592e-01, 6.528e+00, 2.500e+00, 0.000e+00, 0.000e+00
2.200e-01, 1.876e+00, 5.425e-06, 0.000e+00, 3.593e-01, 3.593e-01, 6.534e+00, 2.499e+00, 0.000e+00, 0.000e+00
2.205e-01, 1.874e+00, 5.335e-06, 0.000e+00, 3.594e-01, 3.594e-01, 6.540e+00, 2.498e+00, 0.000e+00, 0.000e+00
2.210e-01, 1.873e+00, 5.247e-06, 0.000e+00, 3.596e-01, 3.596e-01, 6.546e+00, 2.497e+00, 0.000e+00, 0.000e+00
2.215e-01, 1.871e+00, 5.162e-06, 0.000e+00, 3.597e-01, 3.597e-01, 6.552e+00, 2.496e+00, 0.000e+00, 0.000e+00
2.220e-01, 1.869e+00, 5.081e-06, 0.000e+00, 3.598e-01, 3.598e-01, 6.557e+00, 2.495e+00, 0.000e+00, 0.000e+00
2.225e-01, 1.867e+00, 4.989e-06, 0.000e+00, 3.600e-01, 3.600e-01, 6.564e+00, 2.494e+00, 0.000e+00, 0.000e+00
2.230e-01, 1.866e+00, 4.917e-06, 0.000e+00, 3.601e-01, 3.601e-01, 6.570e+00, 2.493e+00, 0.000e+00, 0.000e+00
2.235e-01, 1.864e+00, 4.851e-06, 0.000e+00, 3.602e-01, 3.602e-01, 6.577e+00, 2.491e+00, 0.000e+00, 0.000e+00
2.240e-01, 1.862e+00, 4.792e-06, 0.000e+00, 3.603e-01, 3.603e-01, 6.583e+00, 2.490e+00, 0.000e+00, 0.000e+00
2.245e-01, 1.860e+00, 4.740e-06, 0.000e+00, 3.605e-01, 3.605e-01, 6.589e+00, 2.489e+00, 0.000e+00, 0.000e+00
2.250e-01, 1.858e+00, 4.697e-06, 0.000e+00, 3.606e-01, 3.606e-01, 6.595e+00, 2.488e+00, 0.000e+00, 0.000e+00
2.255e-01, 1.857e+00, 4.663e-06, 0.000e+00, 3.608e-01, 3.608e-01, 6.602e+00, 2.487e+00, 0.000e+00, 0.000e+00
2.260e-01, 1.855e+00, 4.639e-06, 0.000e+00, 3.609e-01, 3.609e-01, 6.609e+00, 2.485e+00, 0.000e+00, 0.000e+00
2.265e-01, 1.853e+00, 4.629e-06, 0.000e+00, 3.610e-01, 3.610e-01, 6.616e+00, 2.484e+00, 0.000e+00, 0.000e+00
2.270e-01, 1.851e+00, 4.629e-06, 0.000e+00, 3.612e-01, 3.612e-01, 6.621e+00, 2.483e+00, 0.000e+00, 0.000e+00
2.275e-01, 1.849e+00, 4.638e-06, 0.000e+00, 3.613e-01, 3.613e-01, 6.627e+00, 2.482e+00, 0.000e+00, 0.000e+00
2.280e-01, 1.848e+00, 4.655e-06, 0.000e+00, 3.614e-01, 3.614e-01, 6.633e+00, 2.481e+00, 0.000e+00, 0.000e+00
2.285e-01, 1.846e+00, 4.680e-06, 0.000e+00, 3.615e-01, 3.615e-01, 6.638e+00, 2.480e+00, 0.000e+00, 0.000e+00
2.290e-01, 1.845e+00, 4.714e-06, 0.000e+00, 3.617e-01, 3.617e-01, 6.644e+00, 2.479e+00, 0.000e+00, 0.000e+00
2.295e-01, 1.843e+00, 4.750e-06, 0.000e+00, 3.618e-01, 3.618e-01, 6.649e+00, 2.478e+00, 0.000e+00, 0.000e+00
2.300e-01, 1.842e+00, 4.787e-06, 0.000e+00, 3.619e-01, 3.619e-01, 6.653e+00, 2.477e+00, 0.000e+00, 0.000e+00
2.305e-01, 1.840e+00, 4.831e-06, 0.000e+00, 3.620e-01, 3.620e-01, 6.658e+00, 2.476e+00, 0.000e+00, 0.000e+00
2.310e-01, 1.839e+00, 4.882e-06, 0.000e+00, 3.621e-01, 3.621e-01, 6.663e+00, 2.475e+00, 0.000e+00, 0.000e+00
2.315e-01, 1.838e+00, 4.939e-06, 0.000e+00, 3.622e-01, 3.622e-01, 6.668e+00, 2.474e+00, 0.000e+00, 0.000e+00
2.320e-01, 1.836e+00, 5.001e-06, 0.000e+00, 3.623e-01, 3.623e-01, 6.674e+00, 2.473e+00, 0.000e+00, 0.000e+00
2.325e-01, 1.835e+00, 5.069e-06, 0.000e+00, 3.624e-01, 3.624e-01, 6.679e+00, 2.473e+00, 0.000e+00, 0.000e+00
2.330e-01, 1.833e+00, 5.141e-06, 0.000e+00, 3.625e-01, 3.625e-01, 6.684e+00, 2.472e+00, 0.000e+00, 0.000e+00
2.335e-01, 1.832e+00, 5.218e-06, 0.000e+00, 3.626e-01, 3.626e-01, 6.690e+00, 2.471e+00, 0.000e+00, 0.000e+00
2.340e-01, 1.830e+00, 5.297e-06, 0.000e+00, 3.628e-01, 3.628e-01, 6.695e+00, 2.469e+00, 0.000e+00, 0.000e+00
2.345e-01, 1.828e+00, 5.379e-06, 0.000e+00, 3.629e-01, 3.629e-01, 6.700e+00, 2.468e+00, 0.000e+00, 0.000e+00
2.350e-01, 1.827e+00, 5.441e-06, 0.000e+00, 3.630e-01, 3.630e-01, 6.705e+00, 2.468e+00, 0.000e+00, 0.000e+00
2.355e-01, 1.826e+00, 5.522e-06, 0.000e+00, 3.631e-01, 3.631e-01, 6.710e+00, 2.467e+00, 0.000e+00, 0.000e+00
2.360e-01, 1.824e+00, 5.606e-06, 0.000e+00, 3.632e-01, 3.632e-01, 6.715e+00, 2.466e+00, 0.000e+00, 0.000e+00
2.365e-01, 1.823e+00, 5.690e-06, 0.000e+00, 3.633e-01, 3.633e-01, 6.721e+00, 2.465e+00, 0.000e+00, 0.000e+00
2.370e-01, 1.821e+00, 5.775e-06, 0.000e+00, 3.634e-01, 3.634e-01, 6.727e+00, 2.464e+00, 0.000e+00, 0.000e+00
2.375e-01, 1.819e+00, 5.858e-06, 0.000e+00, 3.635e-01, 3.635e-01, 6.732e+00, 2.463e+00, 0.000e+00, 0.000e+00
2.380e-01, 1.818e+00, 5.940e-06, 0.000e+00, 3.637e-01, 3.637e-01, 6.738e+00, 2.461e+00, 0.000e+00, 0.000e+00
2.385e-01, 1.816e+00, 6.020e-06, 0.000e+00, 3.638e-01, 3.638e-01, 6.744e+00, 2.460e+00, 0.000e+00, 0.000e+00
2.390e-01, 1.814e+00, 6.110e-06, 0.000e+00, 3.640e-01, 3.640e-01, 6.751e+00, 2.459e+00, 0.000e+00, 0.000e+00
2.395e-01, 1.812e+00, 6.178e-06, 0.000e+00, 3.641e-01, 3.641e-01, 6.757e+00, 2.458e+00, 0.000e+00, 0.000e+00
2.400e-01, 1.811e+00, 6.241e-06, 0.000e+00, 3.642e-01, 3.642e-01, 6.763e+00, 2.457e+00, 0.000e+00, 0.000e+00
2.405e-01, 1.809e+00, 6.298e-06, 0.000e+00, 3.643e-01, 3.643e-01, 6.769e+00, 2.456e+00, 0.000e+00, 0.000e+00
2.410e-01, 1.807e+00, 6.349e-06, 0.000e+00, 3.645e-01, 3.645e-01, 6.775e+00, 2.455e+00, 0.000e+00, 0.000e+00
2.415e-01, 1.805e+00, 6.394e-06, 0.000e+00, 3.646e-01, 3.646e-01, 6.781e+00, 2.453e+00, 0.000e+00, 0.000e+00
2.420e-01, 1.803e+00, 6.432e-06, 0.000e+00, 3.647e-01, 3.647e-01, 6.788e+00, 2.452e+00, 0.000e+00, 0.000e+00
2.425e-01, 1.801e+00, 6.462e-06, 0.000e+00, 3.649e-01, 3.649e-01, 6.795e+00, 2.451e+00, 0.000e+00, 0.000e+00
2.430e-01, 1.800e+00, 6.477e-06, 0.000e+00, 3.650e-01, 3.650e-01, 6.800e+00, 2.450e+00, 0.000e+00, 0.000e+00
2.435e-01, 1.798e+00, 6.486e-06, 0.000e+00, 3.652e-01, 3.652e-01, 6.804e+00, 2.449e+00, 0.000e+00, 0.000e+00
2.440e-01, 1.797e+00, 6.489e-06, 0.000e+00, 3.653e-01, 3.653e-01, 6.808e+00, 2.448e+00, 0.000e+00, 0.000e+00
2.445e-01, 1.795e+00, 6.486e-06, 0.000e+00, 3.655e-01, 3.655e-01, 6.812e+00, 2.447e+00, 0.000e+00, 0.000e+00
2.450e-01, 1.794e+00, 6.476e-06, 0.000e+00, 3.656e-01, 3.656e-01, 6.816e+00, 2.446e+00, 0.000e+00, 0.000e+00
2.455e-01, 1.792e+00, 6.460e-06, 0.000e+00, 3.658e-01, 3.658e-01, 6.820e+00, 2.445e+00, 0.000e+00, 0.000e+00
2.460e-01, 1.791e+00, 6.444e-06, 0.000e+00, 3.659e-01, 3.659e-01, 6.823e+00, 2.444e+00, 0.000e+00, 0.000e+00
2.465e-01, 1.790e+00, 6.424e-06, 0.000e+00, 3.660e-01, 3.660e-01, 6.826e+00, 2.443e+00, 0.000e+00, 0.000e+00
2.470e-01, 1.788e+00, 6.399e-06, 0.000e+00, 3.662e-01, 3.662e-01, 6.829e+00, 2.442e+00, 0.000e+00, 0.000e+00
2.475e-01, 1.787e+00, 6.370e-06, 0.000e+00, 3.663e-01, 3.663e-01, 6.832e+00, 2.442e+00, 0.000e+00, 0.000e+00
2.480e-01, 1.786e+00, 6.336e-06, 0.000e+00, 3.664e-01, 3.664e-01, 6.836e+00, 2.441e+00, 0.000e+00, 0.000e+00
2.485e-01, 1.784e+00, 6.299e-06, 0.000e+00, 3.666e-01, 3.666e-01, 6.839e+00, 2.440e+00, 0.000e+00, 0.000e+00
2.490e-01, 1.783e+00, 6.258e-06, 0.000e+00, 3.667e-01, 3.667e-01, 6.843e+00, 2.439e+00, 0.000e+00, 0.000e+00
2.495e-01, 1.781e+00, 6.214e-06, 0.000e+00, 3.669e-01, 3.669e-01, 6.847e+00, 2.438e+00, 0.000e+00, 0.000e+00
2.500e-01, 1.780e+00, 6.168e-06, 0.000e+00, 3.670e-01, 3.670e-01, 6.850e+00, 2.437e+00, 0.000e+00, 0.000e+00
2.505e-01, 1.778e+00, 6.119e-06, 0.000e+00, 3.672e-01, 3.672e-01, 6.854e+00, 2.436e+00, 0.000e+00, 0.000e+00
2.510e-01, 1.777e+00, 6.069e-06, 0.000e+00, 3.673e-01, 3.673e-01, 6.858e+00, 2.435e+00, 0.000e+00, 0.000e+00
2.515e-01, 1.775e+00, 6.018e-06, 0.000e+00, 3.675e-01, 3.675e-01, 6.862e+00, 2.434e+00, 0.000e+00, 0.000e+00
2.520e-01, 1.774e+00, 5.966e-06, 0.000e+00, 3.676e-01, 3.676e-01, 6.865e+00, 2.433e+00, 0.000e+00, 0.000e+00
2.525e-01, 1.772e+00, 5.914e-06, 0.000e+00, 3.678e-01, 3.678e-01, 6.869e+00, 2.432e+00, 0.000e+00, 0.000e+00
2.530e-01, 1.771e+00, 5.863e-06, 0.000e+00, 3.679e-01, 3.679e-01, 6.873e+00, 2.431e+00, 0.000e+00, 0.000e+00
2.535e-01, 1.769e+00, 5.813e-06, 0.000e+00, 3.681e-01, 3.681e-01, 6.877e+00, 2.430e+00, 0.000e+00, 0.000e+00
2.540e-01, 1.768e+00, 5.763e-06, 0.000e+00, 3.682e-01, 3.682e-01, 6.881e+00, 2.429e+00, 0.000e+00, 0.000e+00
2.545e-01, 1.766e+00, 5.717e-06, 0.000e+00, 3.684e-01, 3.684e-01, 6.885e+00, 2.428e+00, 0.000e+00, 0.000e+00
2.550e-01, 1.765e+00, 5.673e-06, 0.000e+00, 3.685e-01, 3.685e-01, 6.889e+00, 2.427e+00, 0.000e+00, 0.000e+00
2.555e-01, 1.763e+00, 5.632e-06, 0.000e+00, 3.687e-01, 3.687e-01, 6.893e+00, 2.426e+00, 0.000e+00, 0.000e+00
2.560e-01, 1.761e+00, 5.595e-06, 0.000e+00, 3.689e-01, 3.689e-01, 6.897e+00, 2.425e+00, 0.000e+00, 0.000e+00
2.565e-01, 1.760e+00, 5.562e-06, 0.000e+00, 3.690e-01, 3.690e-01, 6.901e+00, 2.424e+00, 0.000e+00, 0.000e+00
2.570e-01, 1.758e+00, 5.534e-06, 0.000e+00, 3.692e-01, 3.692e-01, 6.905e+00, 2.423e+00, 0.000e+00, 0.000e+00
2.575e-01, 1.756e+00, 5.510e-06, 0.000e+00, 3.694e-01, 3.694e-01, 6.909e+00, 2.422e+00, 0.000e+00, 0.000e+00
2.580e-01, 1.755e+00, 5.492e-06, 0.000e+00, 3.695e-01, 3.695e-01, 6.913e+00, 2.421e+00, 0.000e+00, 0.000e+00
2.585e-01, 1.753e+00, 5.481e-06, 0.000e+00, 3.697e-01, 3.697e-01, 6.918e+00, 2.419e+00, 0.000e+00, 0.000e+00
2.590e-01, 1.751e+00, 5.477e-06, 0.000e+00, 3.699e-01, 3.699e-01, 6.923e+00, 2.418e+00, 0.000e+00, 0.000e+00
2.595e-01, 1.749e+00, 5.480e-06, 0.000e+00, 3.701e-01, 3.701e-01, 6.927e+00, 2.417e+00, 0.000e+00, 0.000e+00
2.600e-01, 1.748e+00, 5.487e-06, 0.000e+00, 3.702e-01, 3.702e-01, 6.930e+00, 2.416e+00, 0.000e+00, 0.000e+00
2.605e-01, 1.746e+00, 5.500e-06, 0.000e+00, 3.704e-01, 3.704e-01, 6.934e+00, 2.415e+00, 0.000e+00, 0.000e+00
2.610e-01, 1.745e+00, 5.518e-06, 0.000e+00, 3.705e-01, 3.705e-01, 6.938e+00, 2.414e+00, 0.000e+00, 0.000e+00
2.615e-01, 1.743e+00, 5.546e-06, 0.000e+00, 3.707e-01, 3.707e-01, 6.942e+00, 2.413e+00, 0.000e+00, 0.000e+00
2.620e-01, 1.742e+00, 5.569e-06, 0.000e+00, 3.708e-01, 3.708e-01, 6.945e+00, 2.412e+00, 0.000e+00, 0.000e+00
2.625e-01, 1.740e+00, 5.599e-06, 0.000e+00, 3.710e-01, 3.710e-01, 6.949e+00, 2.411e+00, 0.000e+00, 0.000e+00
2.630e-01, 1.739e+00, 5.624e-06, 0.000e+00, 3.711e-01, 3.711e-01, 6.951e+00, 2.411e+00, 0.000e+00, 0.000e+00
2.635e-01, 1.738e+00, 5.654e-06, 0.000e+00, 3.712e-01, 3.712e-01, 6.954e+00, 2.410e+00, 0.000e+00, 0.000e+00
2.640e-01, 1.737e+00, 5.689e-06, 0.000e+00, 3.713e-01, 3.713e-01, 6.957e+00, 2.409e+00, 0.000e+00, 0.000e+00
2.645e-01, 1.736e+00, 5.728e-06, 0.000e+00, 3.714e-01, 3.714e-01, 6.961e+00, 2.408e+00, 0.000e+00, 0.000e+00
2.650e-01, 1.734e+00, 5.770e-06, 0.000e+00, 3.716e-01, 3.716e-01, 6.964e+00, 2.407e+00, 0.000e+00, 0.000e+00
2.655e-01, 1.733e+00, 5.815e-06, 0.000e+00, 3.717e-01, 3.717e-01, 6.967e+00, 2.406e+00, 0.000e+00, 0.000e+00
2.660e-01, 1.732e+00, 5.863e-06, 0.000e+00, 3.718e-01, 3.718e-01, 6.971e+00, 2.406e+00, 0.000e+00, 0.000e+00
2.665e-01, 1.730e+00, 5.914e-06, 0.000e+00, 3.720e-01, 3.720e-01, 6.974e+00, 2.405e+00, 0.000e+00, 0.000e+00
2.670e-01, 1.729e+00, 5.967e-06, 0.000e+00, 3.721e-01, 3.721e-01, 6.978e+00, 2.404e+00, 0.000e+00, 0.000e+00
2.675e-01, 1.727e+00, 6.021e-06, 0.000e+00, 3.723e-01, 3.723e-01, 6.981e+00, 2.403e+00, 0.000e+00, 0.000e+00
2.680e-01, 1.726e+00, 6.077e-06, 0.000e+00, 3.724e-01, 3.724e-01, 6.985e+00, 2.402e+00, 0.000e+00, 0.000e+00
2.685e-01, 1.725e+00, 6.133e-06, 0.000e+00, 3.725e-01, 3.725e-01, 6.989e+00, 2.401e+00, 0.000e+00, 0.000e+00
2.690e-01, 1.723e+00, 6.190e-06, 0.000e+00, 3.727e-01, 3.727e-01, 6.992e+00, 2.400e+00, 0.000e+00, 0.000e+00
2.695e-01, 1.722e+00, 6.247e-06, 0.000e+00, 3.728e-01, 3.728e-01, 6.996e+00, 2.399e+00, 0.000e+00, 0.000e+00
2.700e-01, 1.720e+00, 6.304e-06, 0.000e+00, 3.730e-01, 3.730e-01, 7.000e+00, 2.398e+00, 0.000e+00, 0.000e+00
2.705e-01, 1.719e+00, 6.360e-06, 0.000e+00, 3.731e-01, 3.731e-01, 7.003e+00, 2.397e+00, 0.000e+00, 0.000e+00
2.710e-01, 1.717e+00, 6.415e-06, 0.000e+00, 3.733e-01, 3.733e-01, 7.007e+00, 2.396e+00, 0.000e+00, 0.000e+00
2.715e-01, 1.716e+00, 6.468e-06, 0.000e+00, 3.734e-01, 3.734e-01, 7.011e+00, 2.395e+00, 0.000e+00, 0.000e+00
2.720e-01, 1.714e+00, 6.520e-06, 0.000e+00, 3.736e-01, 3.736e-01, 7.014e+00, 2.394e+00, 0.000e+00, 0.000e+00
2.725e-01, 1.713e+00, 6.569e-06, 0.000e+00, 3.737e-01, 3.737e-01, 7.018e+00, 2.393e+00, 0.000e+00, 0.000e+00
2.730e-01, 1.711e+00, 6.616e-06, 0.000e+00, 3.739e-01, 3.739e-01, 7.022e+00, 2.392e+00, 0.000e+00, 0.000e+00
2.735e-01, 1.710e+00, 6.660e-06, 0.000e+00, 3.740e-01, 3.740e-01, 7.026e+00, 2.391e+00, 0.000e+00, 0.000e+00
2.740e-01, 1.708e+00, 6.700e-06, 0.000e+00, 3.742e-01, 3.742e-01, 7.030e+00, 2.390e+00, 0.000e+00, 0.000e+00
2.745e-01, 1.706e+00, 6.737e-06, 0.000e+00, 3.744e-01, 3.744e-01, 7.034e+00, 2.389e+00, 0.000e+00, 0.000e+00
2.750e-01, 1.705e+00, 6.771e-06, 0.000e+00, 3.745e-01, 3.745e-01, 7.038e+00, 2.388e+00, 0.000e+00, 0.000e+00
2.755e-01, 1.703e+00, 6.801e-06, 0.000e+00, 3.747e-01, 3.747e-01, 7.043e+00, 2.387e+00, 0.000e+00, 0.000e+00
2.760e-01, 1.701e+00, 6.826e-06, 0.000e+00, 3.749e-01, 3.749e-01, 7.047e+00, 2.386e+00, 0.000e+00, 0.000e+00
2.765e-01, 1.699e+00, 6.843e-06, 0.000e+00, 3.751e-01, 3.751e-01, 7.051e+00, 2.385e+00, 0.000e+00, 0.000e+00
2.770e-01, 1.698e+00, 6.854e-06, 0.000e+00, 3.752e-01, 3.752e-01, 7.055e+00, 2.384e+00, 0.000e+00, 0.000e+00
2.775e-01, 1.697e+00, 6.861e-06, 0.000e+00, 3.753e-01, 3.753e-01, 7.058e+00, 2.383e+00, 0.000e+00, 0.000e+00
2.780e-01, 1.695e+00, 6.865e-06, 0.000e+00, 3.755e-01, 3.755e-01, 7.062e+00, 2.382e+00, 0.000e+00, 0.000e+00
2.785e-01, 1.694e+00, 6.865e-06, 0.000e+00, 3.756e-01, 3.756e-01, 7.065e+00, 2.381e+00, 0.000e+00, 0.000e+00
2.790e-01, 1.692e+00, 6.862e-06, 0.000e+00, 3.758e-01, 3.758e-01, 7.069e+00, 2.380e+00, 0.000e+00, 0.000e+00
2.795e-01, 1.691e+00, 6.855e-06, 0.000e+00, 3.759e-01, 3.759e-01, 7.073e+00, 2.379e+00, 0.000e+00, 0.000e+00
2.800e-01, 1.690e+00, 6.848e-06, 0.000e+00, 3.760e-01, 3.760e-01, 7.075e+00, 2.378e+00, 0.000e+00, 0.000e+00
2.805e-01, 1.689e+00, 6.839e-06, 0.000e+00, 3.761e-01, 3.761e-01, 7.078e+00, 2.378e+00, 0.000e+00, 0.000e+00
2.810e-01, 1.688e+00, 6.828e-06, 0.000e+00, 3.762e-01, 3.762e-01, 7.081e+00, 2.377e+00, 0.000e+00, 0.000e+00
2.815e-01, 1.686e+00, 6.814e-06, 0.000e+00, 3.764e-01, 3.764e-01, 7.084e+00, 2.376e+00, 0.000e+00, 0.000e+00
2.820e-01, 1.685e+00, 6.799e-06, 0.000e+00, 3.765e-01, 3.765e-01, 7.087e+00, 2.375e+00, 0.000e+00, 0.000e+00
2.825e-01, 1.684e+00, 6.781e-06, 0.000e+00, 3.766e-01, 3.766e-01, 7.090e+00, 2.375e+00, 0.000e+00, 0.000e+00
2.830e-01, 1.683e+00, 6.761e-06, 0.000e+00, 3.767e-01, 3.767e-01, 7.093e+00, 2.374e+00, 0.000e+00, 0.000e+00
2.835e-01, 1.681e+00, 6.739e-06, 0.000e+00, 3.769e-01, 3.769e-01, 7.097e+00, 2.373e+00, 0.000e+00, 0.000e+00
2.840e-01, 1.680e+00, 6.717e-06, 0.000e+00, 3.770e-01, 3.770e-01, 7.100e+00, 2.372e+00, 0.000e+00, 0.000e+00
2.845e-01, 1.679e+00, 6.692e-06, 0.000e+00, 3.771e-01, 3.771e-01, 7.103e+00, 2.371e+00, 0.000e+00, 0.000e+00
2.850e-01, 1.677e+00, 6.668e-06, 0.000e+00, 3.773e-01, 3.773e-01, 7.107e+00, 2.370e+00, 0.000e+00, 0.000e+00
2.855e-01, 1.676e+00, 6.642e-06, 0.000e+00, 3.774e-01, 3.774e-01, 7.110e+00, 2.369e+00, 0.000e+00, 0.000e+00
2.860e-01, 1.675e+00, 6.616e-06, 0.000e+00, 3.775e-01, 3.775e-01, 7.114e+00, 2.368e+00, 0.000e+00, 0.000e+00
2.865e-01, 1.673e+00, 6.591e-06, 0.000e+00, 3.777e-01, 3.777e-01, 7.117e+00, 2.368e+00, 0.000e+00, 0.000e+00
2.870e-01, 1.672e+00, 6.565e-06, 0.000e+00, 3.778e-01, 3.778e-01, 7.121e+00, 2.367e+00, 0.000e+00, 0.000e+00
2.875e-01, 1.670e+00, 6.540e-06, 0.000e+00, 3.780e-01, 3.780e-01, 7.124e+00, 2.366e+00, 0.000e+00, 0.000e+00
2.880e-01, 1.669e+00, 6.516e-06, 0.000e+00, 3.781e-01, 3.781e-01, 7.128e+00, 2.365e+00, 0.000e+00, 0.000e+00
2.885e-01, 1.667e+00, 6.493e-06, 0.000e+00, 3.783e-01, 3.783e-01, 7.131e+00, 2.364e+00, 0.000e+00, 0.000e+00
2.890e-01, 1.666e+00, 6.472e-06, 0.000e+00, 3.784e-01, 3.784e-01, 7.135e+00, 2.363e+00, 0.000e+00, 0.000e+00
2.895e-01, 1.665e+00, 6.453e-06, 0.000e+00, 3.785e-01, 3.785e-01, 7.139e+00, 2.362e+00, 0.000e+00, 0.000e+00
2.900e-01, 1.663e+00, 6.435e-06, 0.000e+00, 3.787e-01, 3.787e-01, 7.142e+00, 2.361e+00, 0.000e+00, 0.000e+00
2.905e-01, 1.662e+00, 6.420e-06, 0.000e+00, 3.788e-01, 3.788e-01, 7.146e+00, 2.360e+00, 0.000e+00, 0.000e+00
2.910e-01, 1.660e+00, 6.407e-06, 0.000e+00, 3.790e-01, 3.790e-01, 7.150e+00, 2.359e+00, 0.000e+00, 0.000e+00
2.915e-01, 1.659e+00, 6.398e-06, 0.000e+00, 3.791e-01, 3.791e-01, 7.154e+00, 2.358e+00, 0.000e+00, 0.000e+00
2.920e-01, 1.657e+00, 6.391e-06, 0.000e+00, 3.793e-01, 3.793e-01, 7.157e+00, 2.357e+00, 0.000e+00, 0.000e+00
2.925e-01, 1.655e+00, 6.388e-06, 0.000e+00, 3.795e-01, 3.795e-01, 7.162e+00, 2.356e+00, 0.000e+00, 0.000e+00
2.930e-01, 1.654e+00, 6.389e-06, 0.000e+00, 3.796e-01, 3.796e-01, 7.166e+00, 2.355e+00, 0.000e+00, 0.000e+00
2.935e-01, 1.652e+00, 6.396e-06, 0.000e+00, 3.798e-01, 3.798e-01, 7.170e+00, 2.354e+00, 0.000e+00, 0.000e+00
2.940e-01, 1.650e+00, 6.405e-06, 0.000e+00, 3.800e-01, 3.800e-01, 7.174e+00, 2.353e+00, 0.000e+00, 0.000e+00
2.945e-01, 1.649e+00, 6.416e-06, 0.000e+00, 3.801e-01, 3.801e-01, 7.178e+00, 2.352e+00, 0.000e+00, 0.000e+00
2.950e-01, 1.648e+00, 6.430e-06, 0.000e+00, 3.802e-01, 3.802e-01, 7.181e+00, 2.351e+00, 0.000e+00, 0.000e+00
2.955e-01, 1.646e+00, 6.447e-06, 0.000e+00, 3.804e-01, 3.804e-01, 7.184e+00, 2.350e+00, 0.000e+00, 0.000e+00
2.960e-01, 1.645e+00, 6.467e-06, 0.000e+00, 3.805e-01, 3.805e-01, 7.188e+00, 2.349e+00, 0.000e+00, 0.000e+00
2.965e-01, 1.643e+00, 6.490e-06, 0.000e+00, 3.807e-01, 3.807e-01, 7.191e+00, 2.348e+00, 0.000e+00, 0.000e+00
2.970e-01, 1.642e+00, 6.516e-06, 0.000e+00, 3.808e-01, 3.808e-01, 7.195e+00, 2.347e+00, 0.000e+00, 0.000e+00
2.975e-01, 1.641e+00, 6.535e-06, 0.000e+00, 3.809e-01, 3.809e-01, 7.197e+00, 2.347e+00, 0.000e+00, 0.000e+00
2.980e-01, 1.640e+00, 6.555e-06, 0.000e+00, 3.810e-01, 3.810e-01, 7.200e+00, 2.346e+00, 0.000e+00, 0.000e+00
2.985e-01, 1.639e+00, 6.579e-06, 0.000e+00, 3.811e-01, 3.811e-01, 7.202e+00, 2.345e+00, 0.000e+00, 0.000e+00
2.990e-01, 1.638e+00, 6.605e-06, 0.000e+00, 3.812e-01, 3.812e-01, 7.205e+00, 2.345e+00, 0.000e+00, 0.000e+00
2.995e-01, 1.637e+00, 6.634e-06, 0.000e+00, 3.813e-01, 3.813e-01, 7.208e+00, 2.344e+00, 0.000e+00, 0.000e+00
3.000e-01, 1.636e+00, 6.665e-06, 0.000e+00, 3.814e-01, 3.814e-01, 7.211e+00, 2.343e+00, 0.000e+00, 0.000e+00
