# Time,     alpha,      beta,     p,      q,      r,    MX,     MY,     MZ 
5.000e-04, 4.929e-06, 0.000e+00, 9.987e+02, 0.000e+00, 4.923e-03, -0.000e+00, -4.535e-04, 0.000e+00
1.000e-03, 9.709e-06, 0.000e+00, 9.975e+02, 0.000e+00, 9.685e-03, -0.000e+00, -8.866e-04, 0.000e+00
1.500e-03, 1.425e-05, 0.000e+00, 9.962e+02, 0.000e+00, 1.420e-02, -0.000e+00, -1.292e-03, 0.000e+00
2.000e-03, 1.845e-05, 0.000e+00, 9.950e+02, 0.000e+00, 1.836e-02, -0.000e+00, -1.659e-03, 0.000e+00
2.500e-03, 2.222e-05, 0.000e+00, 9.937e+02, 0.000e+00, 2.208e-02, -0.000e+00, -1.981e-03, 0.000e+00
3.000e-03, 2.545e-05, 0.000e+00, 9.924e+02, 0.000e+00, 2.526e-02, -0.000e+00, -2.250e-03, 0.000e+00
3.500e-03, 2.808e-05, 0.000e+00, 9.910e+02, 0.000e+00, 2.783e-02, -0.000e+00, -2.459e-03, 0.000e+00
4.000e-03, 2.929e-05, 0.000e+00, 9.902e+02, 0.000e+00, 2.900e-02, -0.000e+00, -2.549e-03, 0.000e+00
4.500e-03, 3.059e-05, 0.000e+00, 9.890e+02, 0.000e+00, 3.025e-02, -0.000e+00, -2.635e-03, 0.000e+00
5.000e-03, 3.117e-05, 0.000e+00, 9.878e+02, 0.000e+00, 3.079e-02, -0.000e+00, -2.656e-03, 0.000e+00
5.500e-03, 3.109e-05, 0.000e+00, 9.866e+02, 0.000e+00, 3.067e-02, -0.000e+00, -2.617e-03, 0.000e+00
6.000e-03, 3.035e-05, 0.000e+00, 9.853e+02, 0.000e+00, 2.990e-02, -0.000e+00, -2.520e-03, 0.000e+00
6.500e-03, 2.831e-05, 0.000e+00, 9.837e+02, 0.000e+00, 2.784e-02, -0.000e+00, -2.297e-03, 0.000e+00
7.000e-03, 2.648e-05, 0.000e+00, 9.826e+02, 0.000e+00, 2.602e-02, -0.000e+00, -2.110e-03, 0.000e+00
7.500e-03, 2.415e-05, 0.000e+00, 9.815e+02, 0.000e+00, 2.370e-02, -0.000e+00, -1.880e-03, 0.000e+00
8.000e-03, 2.137e-05, 0.000e+00, 9.804e+02, 0.000e+00, 2.095e-02, -0.000e+00, -1.613e-03, 0.000e+00
8.500e-03, 1.821e-05, 0.000e+00, 9.793e+02, 0.000e+00, 1.783e-02, -0.000e+00, -1.315e-03, 0.000e+00
9.000e-03, 1.474e-05, 0.000e+00, 9.781e+02, 0.000e+00, 1.441e-02, -0.000e+00, -9.931e-04, 0.000e+00
9.500e-03, 1.103e-05, 0.000e+00, 9.770e+02, 0.000e+00, 1.078e-02, -0.000e+00, -6.551e-04, 0.000e+00
1.000e-02, 7.176e-06, 0.000e+00, 9.758e+02, 0.000e+00, 7.003e-03, -0.000e+00, -3.087e-04, 0.000e+00
1.050e-02, 3.261e-06, 0.000e+00, 9.746e+02, 0.000e+00, 3.178e-03, -0.000e+00, 3.835e-05, 0.000e+00
1.100e-02, -6.291e-07, 0.000e+00, 9.735e+02, 0.000e+00, -6.124e-04, -0.000e+00, 3.783e-04, 0.000e+00
1.150e-02, -4.407e-06, 0.000e+00, 9.723e+02, 0.000e+00, -4.285e-03, -0.000e+00, 7.036e-04, 0.000e+00
1.200e-02, -7.999e-06, 0.000e+00, 9.711e+02, 0.000e+00, -7.768e-03, -0.000e+00, 1.008e-03, 0.000e+00
1.250e-02, -1.132e-05, 0.000e+00, 9.699e+02, 0.000e+00, -1.097e-02, -0.000e+00, 1.284e-03, 0.000e+00
1.300e-02, -1.428e-05, 0.000e+00, 9.686e+02, 0.000e+00, -1.383e-02, -0.000e+00, 1.525e-03, 0.000e+00
1.350e-02, -1.683e-05, 0.000e+00, 9.674e+02, 0.000e+00, -1.628e-02, -0.000e+00, 1.727e-03, 0.000e+00
1.400e-02, -1.806e-05, 0.000e+00, 9.667e+02, 0.000e+00, -1.746e-02, -0.000e+00, 1.821e-03, 0.000e+00
1.450e-02, -1.979e-05, 0.000e+00, 9.654e+02, 0.000e+00, -1.910e-02, -0.000e+00, 1.946e-03, 0.000e+00
1.500e-02, -2.083e-05, 0.000e+00, 9.642e+02, 0.000e+00, -2.009e-02, -0.000e+00, 2.013e-03, 0.000e+00
1.550e-02, -2.130e-05, 0.000e+00, 9.630e+02, 0.000e+00, -2.051e-02, -0.000e+00, 2.030e-03, 0.000e+00
1.600e-02, -2.124e-05, 0.000e+00, 9.619e+02, 0.000e+00, -2.043e-02, -0.000e+00, 2.002e-03, 0.000e+00
1.650e-02, -2.067e-05, 0.000e+00, 9.607e+02, 0.000e+00, -1.986e-02, -0.000e+00, 1.931e-03, 0.000e+00
1.700e-02, -1.973e-05, 0.000e+00, 9.597e+02, 0.000e+00, -1.894e-02, -0.000e+00, 1.831e-03, 0.000e+00
1.750e-02, -1.844e-05, 0.000e+00, 9.586e+02, 0.000e+00, -1.768e-02, -0.000e+00, 1.703e-03, 0.000e+00
1.800e-02, -1.577e-05, 0.000e+00, 9.571e+02, 0.000e+00, -1.509e-02, -0.000e+00, 1.450e-03, 0.000e+00
1.850e-02, -1.360e-05, 0.000e+00, 9.560e+02, 0.000e+00, -1.300e-02, -0.000e+00, 1.253e-03, 0.000e+00
1.900e-02, -1.113e-05, 0.000e+00, 9.549e+02, 0.000e+00, -1.062e-02, -0.000e+00, 1.031e-03, 0.000e+00
1.950e-02, -8.393e-06, 0.000e+00, 9.538e+02, 0.000e+00, -8.005e-03, -0.000e+00, 7.901e-04, 0.000e+00
2.000e-02, -5.461e-06, 0.000e+00, 9.527e+02, 0.000e+00, -5.203e-03, -0.000e+00, 5.359e-04, 0.000e+00
2.050e-02, -2.395e-06, 0.000e+00, 9.516e+02, 0.000e+00, -2.279e-03, -0.000e+00, 2.739e-04, 0.000e+00
2.100e-02, 7.403e-07, 0.000e+00, 9.505e+02, 0.000e+00, 7.037e-04, -0.000e+00, 9.585e-06, 0.000e+00
2.150e-02, 3.878e-06, 0.000e+00, 9.494e+02, 0.000e+00, 3.682e-03, -0.000e+00, -2.513e-04, 0.000e+00
2.200e-02, 6.959e-06, 0.000e+00, 9.483e+02, 0.000e+00, 6.599e-03, -0.000e+00, -5.039e-04, 0.000e+00
2.250e-02, 9.912e-06, 0.000e+00, 9.471e+02, 0.000e+00, 9.388e-03, -0.000e+00, -7.423e-04, 0.000e+00
2.300e-02, 1.267e-05, 0.000e+00, 9.460e+02, 0.000e+00, 1.199e-02, -0.000e+00, -9.614e-04, 0.000e+00
2.350e-02, 1.518e-05, 0.000e+00, 9.448e+02, 0.000e+00, 1.435e-02, -0.000e+00, -1.157e-03, 0.000e+00
2.400e-02, 1.644e-05, 0.000e+00, 9.442e+02, 0.000e+00, 1.553e-02, -0.000e+00, -1.253e-03, 0.000e+00
2.450e-02, 1.843e-05, 0.000e+00, 9.430e+02, 0.000e+00, 1.738e-02, -0.000e+00, -1.400e-03, 0.000e+00
2.500e-02, 2.004e-05, 0.000e+00, 9.418e+02, 0.000e+00, 1.887e-02, -0.000e+00, -1.515e-03, 0.000e+00
2.550e-02, 2.122e-05, 0.000e+00, 9.405e+02, 0.000e+00, 1.996e-02, -0.000e+00, -1.592e-03, 0.000e+00
2.600e-02, 2.182e-05, 0.000e+00, 9.395e+02, 0.000e+00, 2.050e-02, -0.000e+00, -1.622e-03, 0.000e+00
2.650e-02, 2.202e-05, 0.000e+00, 9.384e+02, 0.000e+00, 2.066e-02, -0.000e+00, -1.620e-03, 0.000e+00
2.700e-02, 2.182e-05, 0.000e+00, 9.373e+02, 0.000e+00, 2.045e-02, -0.000e+00, -1.586e-03, 0.000e+00
2.750e-02, 2.121e-05, 0.000e+00, 9.362e+02, 0.000e+00, 1.986e-02, -0.000e+00, -1.519e-03, 0.000e+00
2.800e-02, 2.040e-05, 0.000e+00, 9.352e+02, 0.000e+00, 1.908e-02, -0.000e+00, -1.438e-03, 0.000e+00
2.850e-02, 1.928e-05, 0.000e+00, 9.343e+02, 0.000e+00, 1.801e-02, -0.000e+00, -1.333e-03, 0.000e+00
2.900e-02, 1.784e-05, 0.000e+00, 9.333e+02, 0.000e+00, 1.665e-02, -0.000e+00, -1.204e-03, 0.000e+00
2.950e-02, 1.613e-05, 0.000e+00, 9.322e+02, 0.000e+00, 1.503e-02, -0.000e+00, -1.053e-03, 0.000e+00
3.000e-02, 1.417e-05, 0.000e+00, 9.312e+02, 0.000e+00, 1.319e-02, -0.000e+00, -8.852e-04, 0.000e+00
3.050e-02, 1.200e-05, 0.000e+00, 9.302e+02, 0.000e+00, 1.117e-02, -0.000e+00, -7.026e-04, 0.000e+00
3.100e-02, 9.681e-06, 0.000e+00, 9.291e+02, 0.000e+00, 8.995e-03, -0.000e+00, -5.097e-04, 0.000e+00
3.150e-02, 6.120e-06, 0.000e+00, 9.276e+02, 0.000e+00, 5.677e-03, -0.000e+00, -2.191e-04, 0.000e+00
3.200e-02, 3.620e-06, 0.000e+00, 9.265e+02, 0.000e+00, 3.354e-03, -0.000e+00, -1.837e-05, 0.000e+00
3.250e-02, 2.244e-06, 0.000e+00, 9.259e+02, 0.000e+00, 2.078e-03, -0.000e+00, 9.090e-05, 0.000e+00
3.300e-02, -2.221e-07, 0.000e+00, 9.249e+02, 0.000e+00, -2.054e-04, -0.000e+00, 2.848e-04, 0.000e+00
3.350e-02, -2.601e-06, 0.000e+00, 9.238e+02, 0.000e+00, -2.402e-03, -0.000e+00, 4.691e-04, 0.000e+00
3.400e-02, -4.846e-06, 0.000e+00, 9.227e+02, 0.000e+00, -4.472e-03, -0.000e+00, 6.405e-04, 0.000e+00
3.450e-02, -6.913e-06, 0.000e+00, 9.216e+02, 0.000e+00, -6.371e-03, -0.000e+00, 7.954e-04, 0.000e+00
3.500e-02, -8.759e-06, 0.000e+00, 9.205e+02, 0.000e+00, -8.063e-03, -0.000e+00, 9.309e-04, 0.000e+00
3.550e-02, -1.035e-05, 0.000e+00, 9.194e+02, 0.000e+00, -9.515e-03, -0.000e+00, 1.044e-03, 0.000e+00
3.600e-02, -1.165e-05, 0.000e+00, 9.182e+02, 0.000e+00, -1.070e-02, -0.000e+00, 1.133e-03, 0.000e+00
3.650e-02, -1.262e-05, 0.000e+00, 9.170e+02, 0.000e+00, -1.158e-02, -0.000e+00, 1.195e-03, 0.000e+00
3.700e-02, -1.313e-05, 0.000e+00, 9.160e+02, 0.000e+00, -1.203e-02, -0.000e+00, 1.221e-03, 0.000e+00
3.750e-02, -1.331e-05, 0.000e+00, 9.150e+02, 0.000e+00, -1.218e-02, -0.000e+00, 1.222e-03, 0.000e+00
3.800e-02, -1.318e-05, 0.000e+00, 9.139e+02, 0.000e+00, -1.205e-02, -0.000e+00, 1.199e-03, 0.000e+00
3.850e-02, -1.274e-05, 0.000e+00, 9.129e+02, 0.000e+00, -1.163e-02, -0.000e+00, 1.152e-03, 0.000e+00
3.900e-02, -1.210e-05, 0.000e+00, 9.120e+02, 0.000e+00, -1.104e-02, -0.000e+00, 1.092e-03, 0.000e+00
3.950e-02, -1.126e-05, 0.000e+00, 9.111e+02, 0.000e+00, -1.026e-02, -0.000e+00, 1.017e-03, 0.000e+00
4.000e-02, -1.017e-05, 0.000e+00, 9.101e+02, 0.000e+00, -9.259e-03, -0.000e+00, 9.241e-04, 0.000e+00
4.050e-02, -8.859e-06, 0.000e+00, 9.091e+02, 0.000e+00, -8.054e-03, -0.000e+00, 8.145e-04, 0.000e+00
4.100e-02, -7.344e-06, 0.000e+00, 9.082e+02, 0.000e+00, -6.669e-03, -0.000e+00, 6.910e-04, 0.000e+00
4.150e-02, -5.658e-06, 0.000e+00, 9.072e+02, 0.000e+00, -5.133e-03, -0.000e+00, 5.559e-04, 0.000e+00
4.200e-02, -3.835e-06, 0.000e+00, 9.062e+02, 0.000e+00, -3.475e-03, -0.000e+00, 4.121e-04, 0.000e+00
4.250e-02, -1.910e-06, 0.000e+00, 9.052e+02, 0.000e+00, -1.729e-03, -0.000e+00, 2.623e-04, 0.000e+00
4.300e-02, 7.925e-08, 0.000e+00, 9.042e+02, 0.000e+00, 7.165e-05, -0.000e+00, 1.096e-04, 0.000e+00
4.350e-02, 2.095e-06, 0.000e+00, 9.032e+02, 0.000e+00, 1.892e-03, -0.000e+00, -4.306e-05, 0.000e+00
4.400e-02, 4.100e-06, 0.000e+00, 9.021e+02, 0.000e+00, 3.699e-03, -0.000e+00, -1.930e-04, 0.000e+00
4.450e-02, 6.055e-06, 0.000e+00, 9.011e+02, 0.000e+00, 5.456e-03, -0.000e+00, -3.372e-04, 0.000e+00
4.500e-02, 7.923e-06, 0.000e+00, 9.001e+02, 0.000e+00, 7.132e-03, -0.000e+00, -4.730e-04, 0.000e+00
4.550e-02, 9.670e-06, 0.000e+00, 8.991e+02, 0.000e+00, 8.694e-03, -0.000e+00, -5.979e-04, 0.000e+00
4.600e-02, 1.126e-05, 0.000e+00, 8.980e+02, 0.000e+00, 1.011e-02, -0.000e+00, -7.095e-04, 0.000e+00
4.650e-02, 1.267e-05, 0.000e+00, 8.970e+02, 0.000e+00, 1.137e-02, -0.000e+00, -8.059e-04, 0.000e+00
4.700e-02, 1.387e-05, 0.000e+00, 8.959e+02, 0.000e+00, 1.243e-02, -0.000e+00, -8.851e-04, 0.000e+00
4.750e-02, 1.483e-05, 0.000e+00, 8.948e+02, 0.000e+00, 1.327e-02, -0.000e+00, -9.453e-04, 0.000e+00
4.800e-02, 1.551e-05, 0.000e+00, 8.936e+02, 0.000e+00, 1.386e-02, -0.000e+00, -9.832e-04, 0.000e+00
4.850e-02, 1.582e-05, 0.000e+00, 8.927e+02, 0.000e+00, 1.412e-02, -0.000e+00, -9.960e-04, 0.000e+00
4.900e-02, 1.590e-05, 0.000e+00, 8.917e+02, 0.000e+00, 1.418e-02, -0.000e+00, -9.909e-04, 0.000e+00
4.950e-02, 1.573e-05, 0.000e+00, 8.907e+02, 0.000e+00, 1.401e-02, -0.000e+00, -9.678e-04, 0.000e+00
5.000e-02, 1.532e-05, 0.000e+00, 8.897e+02, 0.000e+00, 1.363e-02, -0.000e+00, -9.272e-04, 0.000e+00
5.050e-02, 1.480e-05, 0.000e+00, 8.889e+02, 0.000e+00, 1.315e-02, -0.000e+00, -8.804e-04, 0.000e+00
5.100e-02, 1.410e-05, 0.000e+00, 8.880e+02, 0.000e+00, 1.252e-02, -0.000e+00, -8.213e-04, 0.000e+00
5.150e-02, 1.321e-05, 0.000e+00, 8.871e+02, 0.000e+00, 1.172e-02, -0.000e+00, -7.487e-04, 0.000e+00
5.200e-02, 1.215e-05, 0.000e+00, 8.862e+02, 0.000e+00, 1.077e-02, -0.000e+00, -6.642e-04, 0.000e+00
5.250e-02, 1.094e-05, 0.000e+00, 8.853e+02, 0.000e+00, 9.683e-03, -0.000e+00, -5.696e-04, 0.000e+00
5.300e-02, 9.594e-06, 0.000e+00, 8.843e+02, 0.000e+00, 8.484e-03, -0.000e+00, -4.666e-04, 0.000e+00
5.350e-02, 8.144e-06, 0.000e+00, 8.834e+02, 0.000e+00, 7.194e-03, -0.000e+00, -3.572e-04, 0.000e+00
5.400e-02, 6.617e-06, 0.000e+00, 8.824e+02, 0.000e+00, 5.839e-03, -0.000e+00, -2.435e-04, 0.000e+00
5.450e-02, 5.039e-06, 0.000e+00, 8.815e+02, 0.000e+00, 4.442e-03, -0.000e+00, -1.277e-04, 0.000e+00
5.500e-02, 3.441e-06, 0.000e+00, 8.805e+02, 0.000e+00, 3.030e-03, -0.000e+00, -1.175e-05, 0.000e+00
5.550e-02, 1.851e-06, 0.000e+00, 8.796e+02, 0.000e+00, 1.628e-03, -0.000e+00, 1.021e-04, 0.000e+00
5.600e-02, 2.980e-07, 0.000e+00, 8.786e+02, 0.000e+00, 2.618e-04, -0.000e+00, 2.118e-04, 0.000e+00
5.650e-02, -1.190e-06, 0.000e+00, 8.776e+02, 0.000e+00, -1.044e-03, -0.000e+00, 3.155e-04, 0.000e+00
5.700e-02, -2.587e-06, 0.000e+00, 8.766e+02, 0.000e+00, -2.268e-03, -0.000e+00, 4.114e-04, 0.000e+00
5.750e-02, -3.868e-06, 0.000e+00, 8.756e+02, 0.000e+00, -3.387e-03, -0.000e+00, 4.978e-04, 0.000e+00
5.800e-02, -5.008e-06, 0.000e+00, 8.746e+02, 0.000e+00, -4.380e-03, -0.000e+00, 5.730e-04, 0.000e+00
5.850e-02, -5.988e-06, 0.000e+00, 8.736e+02, 0.000e+00, -5.231e-03, -0.000e+00, 6.357e-04, 0.000e+00
5.900e-02, -6.785e-06, 0.000e+00, 8.726e+02, 0.000e+00, -5.920e-03, -0.000e+00, 6.846e-04, 0.000e+00
5.950e-02, -6.979e-06, 0.000e+00, 8.722e+02, 0.000e+00, -6.087e-03, -0.000e+00, 6.959e-04, 0.000e+00
6.000e-02, -7.439e-06, 0.000e+00, 8.713e+02, 0.000e+00, -6.482e-03, -0.000e+00, 7.211e-04, 0.000e+00
6.050e-02, -7.701e-06, 0.000e+00, 8.704e+02, 0.000e+00, -6.702e-03, -0.000e+00, 7.321e-04, 0.000e+00
6.100e-02, -7.772e-06, 0.000e+00, 8.694e+02, 0.000e+00, -6.757e-03, -0.000e+00, 7.298e-04, 0.000e+00
6.150e-02, -7.653e-06, 0.000e+00, 8.685e+02, 0.000e+00, -6.646e-03, -0.000e+00, 7.141e-04, 0.000e+00
6.200e-02, -7.365e-06, 0.000e+00, 8.676e+02, 0.000e+00, -6.390e-03, -0.000e+00, 6.872e-04, 0.000e+00
6.250e-02, -6.480e-06, 0.000e+00, 8.660e+02, 0.000e+00, -5.611e-03, -0.000e+00, 6.146e-04, 0.000e+00
6.300e-02, -5.825e-06, 0.000e+00, 8.652e+02, 0.000e+00, -5.040e-03, -0.000e+00, 5.639e-04, 0.000e+00
6.350e-02, -5.030e-06, 0.000e+00, 8.643e+02, 0.000e+00, -4.348e-03, -0.000e+00, 5.038e-04, 0.000e+00
6.400e-02, -4.108e-06, 0.000e+00, 8.635e+02, 0.000e+00, -3.547e-03, -0.000e+00, 4.357e-04, 0.000e+00
6.450e-02, -3.076e-06, 0.000e+00, 8.626e+02, 0.000e+00, -2.653e-03, -0.000e+00, 3.607e-04, 0.000e+00
6.500e-02, -1.951e-06, 0.000e+00, 8.617e+02, 0.000e+00, -1.681e-03, -0.000e+00, 2.801e-04, 0.000e+00
6.550e-02, -7.529e-07, 0.000e+00, 8.608e+02, 0.000e+00, -6.480e-04, -0.000e+00, 1.956e-04, 0.000e+00
6.600e-02, 4.965e-07, 0.000e+00, 8.599e+02, 0.000e+00, 4.269e-04, -0.000e+00, 1.086e-04, 0.000e+00
6.650e-02, 1.776e-06, 0.000e+00, 8.590e+02, 0.000e+00, 1.525e-03, -0.000e+00, 2.054e-05, 0.000e+00
6.700e-02, 3.064e-06, 0.000e+00, 8.581e+02, 0.000e+00, 2.629e-03, -0.000e+00, -6.700e-05, 0.000e+00
6.750e-02, 4.337e-06, 0.000e+00, 8.571e+02, 0.000e+00, 3.718e-03, -0.000e+00, -1.525e-04, 0.000e+00
6.800e-02, 5.575e-06, 0.000e+00, 8.562e+02, 0.000e+00, 4.773e-03, -0.000e+00, -2.344e-04, 0.000e+00
6.850e-02, 6.755e-06, 0.000e+00, 8.553e+02, 0.000e+00, 5.777e-03, -0.000e+00, -3.114e-04, 0.000e+00
6.900e-02, 7.858e-06, 0.000e+00, 8.544e+02, 0.000e+00, 6.713e-03, -0.000e+00, -3.822e-04, 0.000e+00
6.950e-02, 8.865e-06, 0.000e+00, 8.534e+02, 0.000e+00, 7.565e-03, -0.000e+00, -4.457e-04, 0.000e+00
7.000e-02, 9.759e-06, 0.000e+00, 8.524e+02, 0.000e+00, 8.319e-03, -0.000e+00, -5.006e-04, 0.000e+00
7.050e-02, 1.052e-05, 0.000e+00, 8.515e+02, 0.000e+00, 8.960e-03, -0.000e+00, -5.460e-04, 0.000e+00
7.100e-02, 1.070e-05, 0.000e+00, 8.512e+02, 0.000e+00, 9.106e-03, -0.000e+00, -5.560e-04, 0.000e+00
7.150e-02, 1.126e-05, 0.000e+00, 8.502e+02, 0.000e+00, 9.570e-03, -0.000e+00, -5.869e-04, 0.000e+00
7.200e-02, 1.161e-05, 0.000e+00, 8.493e+02, 0.000e+00, 9.862e-03, -0.000e+00, -6.044e-04, 0.000e+00
7.250e-02, 1.182e-05, 0.000e+00, 8.484e+02, 0.000e+00, 1.003e-02, -0.000e+00, -6.118e-04, 0.000e+00
7.300e-02, 1.188e-05, 0.000e+00, 8.475e+02, 0.000e+00, 1.006e-02, -0.000e+00, -6.093e-04, 0.000e+00
7.350e-02, 1.178e-05, 0.000e+00, 8.467e+02, 0.000e+00, 9.978e-03, -0.000e+00, -5.969e-04, 0.000e+00
7.400e-02, 1.156e-05, 0.000e+00, 8.458e+02, 0.000e+00, 9.780e-03, -0.000e+00, -5.763e-04, 0.000e+00
7.450e-02, 1.124e-05, 0.000e+00, 8.450e+02, 0.000e+00, 9.495e-03, -0.000e+00, -5.494e-04, 0.000e+00
7.500e-02, 1.079e-05, 0.000e+00, 8.442e+02, 0.000e+00, 9.108e-03, -0.000e+00, -5.146e-04, 0.000e+00
7.550e-02, 9.715e-06, 0.000e+00, 8.426e+02, 0.000e+00, 8.186e-03, -0.000e+00, -4.353e-04, 0.000e+00
7.600e-02, 8.999e-06, 0.000e+00, 8.418e+02, 0.000e+00, 7.576e-03, -0.000e+00, -3.842e-04, 0.000e+00
7.650e-02, 8.197e-06, 0.000e+00, 8.410e+02, 0.000e+00, 6.893e-03, -0.000e+00, -3.279e-04, 0.000e+00
7.700e-02, 7.321e-06, 0.000e+00, 8.401e+02, 0.000e+00, 6.150e-03, -0.000e+00, -2.675e-04, 0.000e+00
7.750e-02, 6.386e-06, 0.000e+00, 8.393e+02, 0.000e+00, 5.360e-03, -0.000e+00, -2.039e-04, 0.000e+00
7.800e-02, 5.409e-06, 0.000e+00, 8.384e+02, 0.000e+00, 4.535e-03, -0.000e+00, -1.383e-04, 0.000e+00
7.850e-02, 4.405e-06, 0.000e+00, 8.375e+02, 0.000e+00, 3.690e-03, -0.000e+00, -7.181e-05, 0.000e+00
7.900e-02, 3.392e-06, 0.000e+00, 8.367e+02, 0.000e+00, 2.838e-03, -0.000e+00, -5.432e-06, 0.000e+00
7.950e-02, 2.386e-06, 0.000e+00, 8.358e+02, 0.000e+00, 1.994e-03, -0.000e+00, 5.968e-05, 0.000e+00
8.000e-02, 1.403e-06, 0.000e+00, 8.349e+02, 0.000e+00, 1.171e-03, -0.000e+00, 1.225e-04, 0.000e+00
8.050e-02, 4.602e-07, 0.000e+00, 8.340e+02, 0.000e+00, 3.838e-04, -0.000e+00, 1.820e-04, 0.000e+00
8.100e-02, -4.275e-07, 0.000e+00, 8.331e+02, 0.000e+00, -3.561e-04, -0.000e+00, 2.371e-04, 0.000e+00
8.150e-02, -1.245e-06, 0.000e+00, 8.322e+02, 0.000e+00, -1.036e-03, -0.000e+00, 2.871e-04, 0.000e+00
8.200e-02, -1.448e-06, 0.000e+00, 8.320e+02, 0.000e+00, -1.204e-03, -0.000e+00, 2.993e-04, 0.000e+00
8.250e-02, -2.141e-06, 0.000e+00, 8.311e+02, 0.000e+00, -1.779e-03, -0.000e+00, 3.406e-04, 0.000e+00
8.300e-02, -2.737e-06, 0.000e+00, 8.302e+02, 0.000e+00, -2.272e-03, -0.000e+00, 3.752e-04, 0.000e+00
8.350e-02, -3.225e-06, 0.000e+00, 8.292e+02, 0.000e+00, -2.674e-03, -0.000e+00, 4.024e-04, 0.000e+00
8.400e-02, -3.581e-06, 0.000e+00, 8.283e+02, 0.000e+00, -2.966e-03, -0.000e+00, 4.208e-04, 0.000e+00
8.450e-02, -3.792e-06, 0.000e+00, 8.274e+02, 0.000e+00, -3.137e-03, -0.000e+00, 4.302e-04, 0.000e+00
8.500e-02, -3.888e-06, 0.000e+00, 8.266e+02, 0.000e+00, -3.214e-03, -0.000e+00, 4.322e-04, 0.000e+00
8.550e-02, -3.870e-06, 0.000e+00, 8.257e+02, 0.000e+00, -3.195e-03, -0.000e+00, 4.270e-04, 0.000e+00
8.600e-02, -3.737e-06, 0.000e+00, 8.249e+02, 0.000e+00, -3.082e-03, -0.000e+00, 4.146e-04, 0.000e+00
8.650e-02, -3.519e-06, 0.000e+00, 8.241e+02, 0.000e+00, -2.900e-03, -0.000e+00, 3.974e-04, 0.000e+00
8.700e-02, -3.215e-06, 0.000e+00, 8.233e+02, 0.000e+00, -2.647e-03, -0.000e+00, 3.750e-04, 0.000e+00
8.750e-02, -2.818e-06, 0.000e+00, 8.225e+02, 0.000e+00, -2.318e-03, -0.000e+00, 3.469e-04, 0.000e+00
8.800e-02, -2.333e-06, 0.000e+00, 8.217e+02, 0.000e+00, -1.917e-03, -0.000e+00, 3.136e-04, 0.000e+00
8.850e-02, -1.768e-06, 0.000e+00, 8.209e+02, 0.000e+00, -1.452e-03, -0.000e+00, 2.757e-04, 0.000e+00
8.900e-02, -1.133e-06, 0.000e+00, 8.200e+02, 0.000e+00, -9.291e-04, -0.000e+00, 2.338e-04, 0.000e+00
8.950e-02, -4.371e-07, 0.000e+00, 8.192e+02, 0.000e+00, -3.581e-04, -0.000e+00, 1.887e-04, 0.000e+00
9.000e-02, 3.078e-07, 0.000e+00, 8.184e+02, 0.000e+00, 2.519e-04, -0.000e+00, 1.410e-04, 0.000e+00
9.050e-02, 1.090e-06, 0.000e+00, 8.175e+02, 0.000e+00, 8.911e-04, -0.000e+00, 9.156e-05, 0.000e+00
9.100e-02, 1.897e-06, 0.000e+00, 8.167e+02, 0.000e+00, 1.549e-03, -0.000e+00, 4.118e-05, 0.000e+00
9.150e-02, 2.716e-06, 0.000e+00, 8.159e+02, 0.000e+00, 2.216e-03, -0.000e+00, -9.349e-06, 0.000e+00
9.200e-02, 3.534e-06, 0.000e+00, 8.150e+02, 0.000e+00, 2.881e-03, -0.000e+00, -5.924e-05, 0.000e+00
9.250e-02, 4.340e-06, 0.000e+00, 8.142e+02, 0.000e+00, 3.533e-03, -0.000e+00, -1.077e-04, 0.000e+00
9.300e-02, 5.120e-06, 0.000e+00, 8.133e+02, 0.000e+00, 4.164e-03, -0.000e+00, -1.541e-04, 0.000e+00
9.350e-02, 5.863e-06, 0.000e+00, 8.125e+02, 0.000e+00, 4.764e-03, -0.000e+00, -1.977e-04, 0.000e+00
9.400e-02, 6.559e-06, 0.000e+00, 8.116e+02, 0.000e+00, 5.323e-03, -0.000e+00, -2.378e-04, 0.000e+00
9.450e-02, 7.197e-06, 0.000e+00, 8.108e+02, 0.000e+00, 5.835e-03, -0.000e+00, -2.740e-04, 0.000e+00
9.500e-02, 7.768e-06, 0.000e+00, 8.099e+02, 0.000e+00, 6.291e-03, -0.000e+00, -3.056e-04, 0.000e+00
9.550e-02, 8.264e-06, 0.000e+00, 8.090e+02, 0.000e+00, 6.686e-03, -0.000e+00, -3.322e-04, 0.000e+00
9.600e-02, 8.678e-06, 0.000e+00, 8.081e+02, 0.000e+00, 7.013e-03, -0.000e+00, -3.535e-04, 0.000e+00
9.650e-02, 8.996e-06, 0.000e+00, 8.072e+02, 0.000e+00, 7.262e-03, -0.000e+00, -3.686e-04, 0.000e+00
9.700e-02, 9.189e-06, 0.000e+00, 8.064e+02, 0.000e+00, 7.409e-03, -0.000e+00, -3.765e-04, 0.000e+00
9.750e-02, 9.293e-06, 0.000e+00, 8.056e+02, 0.000e+00, 7.486e-03, -0.000e+00, -3.790e-04, 0.000e+00
9.800e-02, 9.309e-06, 0.000e+00, 8.047e+02, 0.000e+00, 7.491e-03, -0.000e+00, -3.761e-04, 0.000e+00
9.850e-02, 9.236e-06, 0.000e+00, 8.039e+02, 0.000e+00, 7.425e-03, -0.000e+00, -3.679e-04, 0.000e+00
9.900e-02, 9.086e-06, 0.000e+00, 8.031e+02, 0.000e+00, 7.297e-03, -0.000e+00, -3.554e-04, 0.000e+00
9.950e-02, 8.879e-06, 0.000e+00, 8.024e+02, 0.000e+00, 7.124e-03, -0.000e+00, -3.399e-04, 0.000e+00
1.000e-01, 8.598e-06, 0.000e+00, 8.016e+02, 0.000e+00, 6.893e-03, -0.000e+00, -3.200e-04, 0.000e+00
1.005e-01, 8.249e-06, 0.000e+00, 8.009e+02, 0.000e+00, 6.606e-03, -0.000e+00, -2.963e-04, 0.000e+00
1.010e-01, 7.835e-06, 0.000e+00, 8.001e+02, 0.000e+00, 6.269e-03, -0.000e+00, -2.689e-04, 0.000e+00
1.015e-01, 7.364e-06, 0.000e+00, 7.993e+02, 0.000e+00, 5.886e-03, -0.000e+00, -2.385e-04, 0.000e+00
1.020e-01, 6.843e-06, 0.000e+00, 7.985e+02, 0.000e+00, 5.464e-03, -0.000e+00, -2.054e-04, 0.000e+00
1.025e-01, 6.279e-06, 0.000e+00, 7.977e+02, 0.000e+00, 5.009e-03, -0.000e+00, -1.702e-04, 0.000e+00
1.030e-01, 5.683e-06, 0.000e+00, 7.969e+02, 0.000e+00, 4.529e-03, -0.000e+00, -1.334e-04, 0.000e+00
1.035e-01, 5.062e-06, 0.000e+00, 7.961e+02, 0.000e+00, 4.030e-03, -0.000e+00, -9.570e-05, 0.000e+00
1.040e-01, 4.427e-06, 0.000e+00, 7.953e+02, 0.000e+00, 3.521e-03, -0.000e+00, -5.755e-05, 0.000e+00
1.045e-01, 3.788e-06, 0.000e+00, 7.945e+02, 0.000e+00, 3.009e-03, -0.000e+00, -1.954e-05, 0.000e+00
1.050e-01, 3.152e-06, 0.000e+00, 7.937e+02, 0.000e+00, 2.502e-03, -0.000e+00, 1.776e-05, 0.000e+00
1.055e-01, 2.531e-06, 0.000e+00, 7.929e+02, 0.000e+00, 2.007e-03, -0.000e+00, 5.382e-05, 0.000e+00
1.060e-01, 1.933e-06, 0.000e+00, 7.920e+02, 0.000e+00, 1.531e-03, -0.000e+00, 8.813e-05, 0.000e+00
1.065e-01, 1.366e-06, 0.000e+00, 7.912e+02, 0.000e+00, 1.081e-03, -0.000e+00, 1.202e-04, 0.000e+00
1.070e-01, 8.389e-07, 0.000e+00, 7.904e+02, 0.000e+00, 6.630e-04, -0.000e+00, 1.496e-04, 0.000e+00
1.075e-01, 3.588e-07, 0.000e+00, 7.896e+02, 0.000e+00, 2.833e-04, -0.000e+00, 1.760e-04, 0.000e+00
1.080e-01, -6.736e-08, 0.000e+00, 7.887e+02, 0.000e+00, -5.313e-05, -0.000e+00, 1.989e-04, 0.000e+00
1.085e-01, -4.335e-07, 0.000e+00, 7.879e+02, 0.000e+00, -3.416e-04, -0.000e+00, 2.180e-04, 0.000e+00
1.090e-01, -7.340e-07, 0.000e+00, 7.870e+02, 0.000e+00, -5.777e-04, -0.000e+00, 2.332e-04, 0.000e+00
1.095e-01, -9.541e-07, 0.000e+00, 7.861e+02, 0.000e+00, -7.501e-04, -0.000e+00, 2.435e-04, 0.000e+00
1.100e-01, -1.080e-06, 0.000e+00, 7.854e+02, 0.000e+00, -8.485e-04, -0.000e+00, 2.486e-04, 0.000e+00
1.105e-01, -1.139e-06, 0.000e+00, 7.846e+02, 0.000e+00, -8.933e-04, -0.000e+00, 2.498e-04, 0.000e+00
1.110e-01, -1.128e-06, 0.000e+00, 7.838e+02, 0.000e+00, -8.838e-04, -0.000e+00, 2.470e-04, 0.000e+00
1.115e-01, -1.048e-06, 0.000e+00, 7.830e+02, 0.000e+00, -8.202e-04, -0.000e+00, 2.403e-04, 0.000e+00
1.120e-01, -9.109e-07, 0.000e+00, 7.822e+02, 0.000e+00, -7.126e-04, -0.000e+00, 2.306e-04, 0.000e+00
1.125e-01, -7.323e-07, 0.000e+00, 7.815e+02, 0.000e+00, -5.723e-04, -0.000e+00, 2.188e-04, 0.000e+00
1.130e-01, -4.970e-07, 0.000e+00, 7.808e+02, 0.000e+00, -3.880e-04, -0.000e+00, 2.038e-04, 0.000e+00
1.135e-01, -2.077e-07, 0.000e+00, 7.801e+02, 0.000e+00, -1.621e-04, -0.000e+00, 1.860e-04, 0.000e+00
1.140e-01, 1.314e-07, 0.000e+00, 7.793e+02, 0.000e+00, 1.024e-04, -0.000e+00, 1.655e-04, 0.000e+00
1.145e-01, 5.157e-07, 0.000e+00, 7.786e+02, 0.000e+00, 4.015e-04, -0.000e+00, 1.426e-04, 0.000e+00
1.150e-01, 9.395e-07, 0.000e+00, 7.778e+02, 0.000e+00, 7.308e-04, -0.000e+00, 1.179e-04, 0.000e+00
1.155e-01, 1.397e-06, 0.000e+00, 7.770e+02, 0.000e+00, 1.085e-03, -0.000e+00, 9.148e-05, 0.000e+00
1.160e-01, 1.881e-06, 0.000e+00, 7.763e+02, 0.000e+00, 1.460e-03, -0.000e+00, 6.390e-05, 0.000e+00
1.165e-01, 2.385e-06, 0.000e+00, 7.755e+02, 0.000e+00, 1.850e-03, -0.000e+00, 3.551e-05, 0.000e+00
1.170e-01, 2.902e-06, 0.000e+00, 7.747e+02, 0.000e+00, 2.248e-03, -0.000e+00, 6.736e-06, 0.000e+00
1.175e-01, 3.424e-06, 0.000e+00, 7.740e+02, 0.000e+00, 2.650e-03, -0.000e+00, -2.202e-05, 0.000e+00
1.180e-01, 3.945e-06, 0.000e+00, 7.732e+02, 0.000e+00, 3.050e-03, -0.000e+00, -5.037e-05, 0.000e+00
1.185e-01, 4.457e-06, 0.000e+00, 7.724e+02, 0.000e+00, 3.443e-03, -0.000e+00, -7.791e-05, 0.000e+00
1.190e-01, 4.954e-06, 0.000e+00, 7.716e+02, 0.000e+00, 3.822e-03, -0.000e+00, -1.043e-04, 0.000e+00
1.195e-01, 5.428e-06, 0.000e+00, 7.708e+02, 0.000e+00, 4.184e-03, -0.000e+00, -1.291e-04, 0.000e+00
1.200e-01, 5.874e-06, 0.000e+00, 7.700e+02, 0.000e+00, 4.523e-03, -0.000e+00, -1.521e-04, 0.000e+00
1.205e-01, 6.285e-06, 0.000e+00, 7.692e+02, 0.000e+00, 4.835e-03, -0.000e+00, -1.729e-04, 0.000e+00
1.210e-01, 6.657e-06, 0.000e+00, 7.684e+02, 0.000e+00, 5.116e-03, -0.000e+00, -1.913e-04, 0.000e+00
1.215e-01, 6.985e-06, 0.000e+00, 7.676e+02, 0.000e+00, 5.362e-03, -0.000e+00, -2.071e-04, 0.000e+00
1.220e-01, 7.263e-06, 0.000e+00, 7.668e+02, 0.000e+00, 5.570e-03, -0.000e+00, -2.199e-04, 0.000e+00
1.225e-01, 7.489e-06, 0.000e+00, 7.659e+02, 0.000e+00, 5.736e-03, -0.000e+00, -2.297e-04, 0.000e+00
1.230e-01, 7.637e-06, 0.000e+00, 7.652e+02, 0.000e+00, 5.844e-03, -0.000e+00, -2.353e-04, 0.000e+00
1.235e-01, 7.725e-06, 0.000e+00, 7.644e+02, 0.000e+00, 5.905e-03, -0.000e+00, -2.377e-04, 0.000e+00
1.240e-01, 7.759e-06, 0.000e+00, 7.636e+02, 0.000e+00, 5.925e-03, -0.000e+00, -2.371e-04, 0.000e+00
1.245e-01, 7.739e-06, 0.000e+00, 7.629e+02, 0.000e+00, 5.904e-03, -0.000e+00, -2.337e-04, 0.000e+00
1.250e-01, 7.667e-06, 0.000e+00, 7.621e+02, 0.000e+00, 5.843e-03, -0.000e+00, -2.275e-04, 0.000e+00
1.255e-01, 7.559e-06, 0.000e+00, 7.614e+02, 0.000e+00, 5.756e-03, -0.000e+00, -2.197e-04, 0.000e+00
1.260e-01, 7.415e-06, 0.000e+00, 7.608e+02, 0.000e+00, 5.641e-03, -0.000e+00, -2.100e-04, 0.000e+00
1.265e-01, 7.228e-06, 0.000e+00, 7.601e+02, 0.000e+00, 5.493e-03, -0.000e+00, -1.981e-04, 0.000e+00
1.270e-01, 7.000e-06, 0.000e+00, 7.594e+02, 0.000e+00, 5.315e-03, -0.000e+00, -1.841e-04, 0.000e+00
1.275e-01, 6.735e-06, 0.000e+00, 7.586e+02, 0.000e+00, 5.109e-03, -0.000e+00, -1.683e-04, 0.000e+00
1.280e-01, 6.436e-06, 0.000e+00, 7.579e+02, 0.000e+00, 4.878e-03, -0.000e+00, -1.508e-04, 0.000e+00
1.285e-01, 6.107e-06, 0.000e+00, 7.572e+02, 0.000e+00, 4.624e-03, -0.000e+00, -1.319e-04, 0.000e+00
1.290e-01, 5.754e-06, 0.000e+00, 7.565e+02, 0.000e+00, 4.353e-03, -0.000e+00, -1.119e-04, 0.000e+00
1.295e-01, 5.381e-06, 0.000e+00, 7.557e+02, 0.000e+00, 4.067e-03, -0.000e+00, -9.103e-05, 0.000e+00
1.300e-01, 4.993e-06, 0.000e+00, 7.550e+02, 0.000e+00, 3.770e-03, -0.000e+00, -6.963e-05, 0.000e+00
1.305e-01, 4.596e-06, 0.000e+00, 7.542e+02, 0.000e+00, 3.467e-03, -0.000e+00, -4.797e-05, 0.000e+00
1.310e-01, 4.195e-06, 0.000e+00, 7.535e+02, 0.000e+00, 3.161e-03, -0.000e+00, -2.635e-05, 0.000e+00
1.315e-01, 3.796e-06, 0.000e+00, 7.528e+02, 0.000e+00, 2.857e-03, -0.000e+00, -5.045e-06, 0.000e+00
1.320e-01, 3.403e-06, 0.000e+00, 7.520e+02, 0.000e+00, 2.559e-03, -0.000e+00, 1.567e-05, 0.000e+00
1.325e-01, 3.023e-06, 0.000e+00, 7.513e+02, 0.000e+00, 2.271e-03, -0.000e+00, 3.552e-05, 0.000e+00
1.330e-01, 2.659e-06, 0.000e+00, 7.505e+02, 0.000e+00, 1.996e-03, -0.000e+00, 5.426e-05, 0.000e+00
1.335e-01, 2.318e-06, 0.000e+00, 7.497e+02, 0.000e+00, 1.738e-03, -0.000e+00, 7.165e-05, 0.000e+00
1.340e-01, 2.003e-06, 0.000e+00, 7.490e+02, 0.000e+00, 1.500e-03, -0.000e+00, 8.748e-05, 0.000e+00
1.345e-01, 1.718e-06, 0.000e+00, 7.482e+02, 0.000e+00, 1.285e-03, -0.000e+00, 1.016e-04, 0.000e+00
1.350e-01, 1.467e-06, 0.000e+00, 7.474e+02, 0.000e+00, 1.097e-03, -0.000e+00, 1.137e-04, 0.000e+00
1.355e-01, 1.255e-06, 0.000e+00, 7.466e+02, 0.000e+00, 9.367e-04, -0.000e+00, 1.237e-04, 0.000e+00
1.360e-01, 1.083e-06, 0.000e+00, 7.458e+02, 0.000e+00, 8.077e-04, -0.000e+00, 1.315e-04, 0.000e+00
1.365e-01, 9.652e-07, 0.000e+00, 7.450e+02, 0.000e+00, 7.191e-04, -0.000e+00, 1.364e-04, 0.000e+00
1.370e-01, 9.018e-07, 0.000e+00, 7.443e+02, 0.000e+00, 6.712e-04, -0.000e+00, 1.386e-04, 0.000e+00
1.375e-01, 8.792e-07, 0.000e+00, 7.436e+02, 0.000e+00, 6.538e-04, -0.000e+00, 1.387e-04, 0.000e+00
1.380e-01, 8.981e-07, 0.000e+00, 7.428e+02, 0.000e+00, 6.671e-04, -0.000e+00, 1.367e-04, 0.000e+00
1.385e-01, 9.583e-07, 0.000e+00, 7.421e+02, 0.000e+00, 7.111e-04, -0.000e+00, 1.326e-04, 0.000e+00
1.390e-01, 1.053e-06, 0.000e+00, 7.414e+02, 0.000e+00, 7.807e-04, -0.000e+00, 1.268e-04, 0.000e+00
1.395e-01, 1.167e-06, 0.000e+00, 7.408e+02, 0.000e+00, 8.642e-04, -0.000e+00, 1.202e-04, 0.000e+00
1.400e-01, 1.314e-06, 0.000e+00, 7.401e+02, 0.000e+00, 9.729e-04, -0.000e+00, 1.119e-04, 0.000e+00
1.405e-01, 1.495e-06, 0.000e+00, 7.395e+02, 0.000e+00, 1.105e-03, -0.000e+00, 1.021e-04, 0.000e+00
1.410e-01, 1.705e-06, 0.000e+00, 7.388e+02, 0.000e+00, 1.260e-03, -0.000e+00, 9.079e-05, 0.000e+00
1.415e-01, 1.943e-06, 0.000e+00, 7.381e+02, 0.000e+00, 1.434e-03, -0.000e+00, 7.821e-05, 0.000e+00
1.420e-01, 2.206e-06, 0.000e+00, 7.374e+02, 0.000e+00, 1.627e-03, -0.000e+00, 6.453e-05, 0.000e+00
1.425e-01, 2.490e-06, 0.000e+00, 7.367e+02, 0.000e+00, 1.835e-03, -0.000e+00, 4.991e-05, 0.000e+00
1.430e-01, 2.792e-06, 0.000e+00, 7.360e+02, 0.000e+00, 2.055e-03, -0.000e+00, 3.457e-05, 0.000e+00
1.435e-01, 3.107e-06, 0.000e+00, 7.353e+02, 0.000e+00, 2.285e-03, -0.000e+00, 1.870e-05, 0.000e+00
1.440e-01, 3.433e-06, 0.000e+00, 7.346e+02, 0.000e+00, 2.522e-03, -0.000e+00, 2.506e-06, 0.000e+00
1.445e-01, 3.764e-06, 0.000e+00, 7.339e+02, 0.000e+00, 2.762e-03, -0.000e+00, -1.380e-05, 0.000e+00
1.450e-01, 4.097e-06, 0.000e+00, 7.332e+02, 0.000e+00, 3.004e-03, -0.000e+00, -3.001e-05, 0.000e+00
1.455e-01, 4.427e-06, 0.000e+00, 7.325e+02, 0.000e+00, 3.243e-03, -0.000e+00, -4.593e-05, 0.000e+00
1.460e-01, 4.751e-06, 0.000e+00, 7.318e+02, 0.000e+00, 3.477e-03, -0.000e+00, -6.136e-05, 0.000e+00
1.465e-01, 5.065e-06, 0.000e+00, 7.310e+02, 0.000e+00, 3.703e-03, -0.000e+00, -7.611e-05, 0.000e+00
1.470e-01, 5.365e-06, 0.000e+00, 7.303e+02, 0.000e+00, 3.918e-03, -0.000e+00, -9.000e-05, 0.000e+00
1.475e-01, 5.648e-06, 0.000e+00, 7.296e+02, 0.000e+00, 4.120e-03, -0.000e+00, -1.029e-04, 0.000e+00
1.480e-01, 5.909e-06, 0.000e+00, 7.289e+02, 0.000e+00, 4.307e-03, -0.000e+00, -1.146e-04, 0.000e+00
1.485e-01, 6.147e-06, 0.000e+00, 7.281e+02, 0.000e+00, 4.476e-03, -0.000e+00, -1.250e-04, 0.000e+00
1.490e-01, 6.358e-06, 0.000e+00, 7.274e+02, 0.000e+00, 4.625e-03, -0.000e+00, -1.339e-04, 0.000e+00
1.495e-01, 6.541e-06, 0.000e+00, 7.266e+02, 0.000e+00, 4.752e-03, -0.000e+00, -1.413e-04, 0.000e+00
1.500e-01, 6.691e-06, 0.000e+00, 7.258e+02, 0.000e+00, 4.856e-03, -0.000e+00, -1.470e-04, 0.000e+00
1.505e-01, 6.799e-06, 0.000e+00, 7.250e+02, 0.000e+00, 4.929e-03, -0.000e+00, -1.506e-04, 0.000e+00
1.510e-01, 6.862e-06, 0.000e+00, 7.243e+02, 0.000e+00, 4.970e-03, -0.000e+00, -1.522e-04, 0.000e+00
1.515e-01, 6.893e-06, 0.000e+00, 7.237e+02, 0.000e+00, 4.988e-03, -0.000e+00, -1.522e-04, 0.000e+00
1.520e-01, 6.893e-06, 0.000e+00, 7.230e+02, 0.000e+00, 4.983e-03, -0.000e+00, -1.507e-04, 0.000e+00
1.525e-01, 6.861e-06, 0.000e+00, 7.223e+02, 0.000e+00, 4.956e-03, -0.000e+00, -1.477e-04, 0.000e+00
1.530e-01, 6.799e-06, 0.000e+00, 7.216e+02, 0.000e+00, 4.906e-03, -0.000e+00, -1.432e-04, 0.000e+00
1.535e-01, 6.725e-06, 0.000e+00, 7.210e+02, 0.000e+00, 4.849e-03, -0.000e+00, -1.385e-04, 0.000e+00
1.540e-01, 6.625e-06, 0.000e+00, 7.204e+02, 0.000e+00, 4.773e-03, -0.000e+00, -1.325e-04, 0.000e+00
1.545e-01, 6.501e-06, 0.000e+00, 7.197e+02, 0.000e+00, 4.679e-03, -0.000e+00, -1.253e-04, 0.000e+00
1.550e-01, 6.353e-06, 0.000e+00, 7.191e+02, 0.000e+00, 4.569e-03, -0.000e+00, -1.171e-04, 0.000e+00
1.555e-01, 6.184e-06, 0.000e+00, 7.184e+02, 0.000e+00, 4.443e-03, -0.000e+00, -1.079e-04, 0.000e+00
1.560e-01, 5.995e-06, 0.000e+00, 7.178e+02, 0.000e+00, 4.303e-03, -0.000e+00, -9.788e-05, 0.000e+00
1.565e-01, 5.790e-06, 0.000e+00, 7.171e+02, 0.000e+00, 4.152e-03, -0.000e+00, -8.713e-05, 0.000e+00
1.570e-01, 5.570e-06, 0.000e+00, 7.165e+02, 0.000e+00, 3.991e-03, -0.000e+00, -7.581e-05, 0.000e+00
1.575e-01, 5.338e-06, 0.000e+00, 7.158e+02, 0.000e+00, 3.821e-03, -0.000e+00, -6.405e-05, 0.000e+00
1.580e-01, 5.098e-06, 0.000e+00, 7.151e+02, 0.000e+00, 3.646e-03, -0.000e+00, -5.200e-05, 0.000e+00
1.585e-01, 4.853e-06, 0.000e+00, 7.144e+02, 0.000e+00, 3.467e-03, -0.000e+00, -3.981e-05, 0.000e+00
1.590e-01, 4.604e-06, 0.000e+00, 7.138e+02, 0.000e+00, 3.286e-03, -0.000e+00, -2.763e-05, 0.000e+00
1.595e-01, 4.357e-06, 0.000e+00, 7.131e+02, 0.000e+00, 3.107e-03, -0.000e+00, -1.560e-05, 0.000e+00
1.600e-01, 4.113e-06, 0.000e+00, 7.124e+02, 0.000e+00, 2.930e-03, -0.000e+00, -3.855e-06, 0.000e+00
1.605e-01, 3.875e-06, 0.000e+00, 7.117e+02, 0.000e+00, 2.758e-03, -0.000e+00, 7.457e-06, 0.000e+00
1.610e-01, 3.647e-06, 0.000e+00, 7.110e+02, 0.000e+00, 2.593e-03, -0.000e+00, 1.821e-05, 0.000e+00
1.615e-01, 3.431e-06, 0.000e+00, 7.103e+02, 0.000e+00, 2.437e-03, -0.000e+00, 2.829e-05, 0.000e+00
1.620e-01, 3.230e-06, 0.000e+00, 7.096e+02, 0.000e+00, 2.292e-03, -0.000e+00, 3.757e-05, 0.000e+00
1.625e-01, 3.046e-06, 0.000e+00, 7.089e+02, 0.000e+00, 2.159e-03, -0.000e+00, 4.595e-05, 0.000e+00
1.630e-01, 2.881e-06, 0.000e+00, 7.082e+02, 0.000e+00, 2.040e-03, -0.000e+00, 5.333e-05, 0.000e+00
1.635e-01, 2.738e-06, 0.000e+00, 7.075e+02, 0.000e+00, 1.937e-03, -0.000e+00, 5.963e-05, 0.000e+00
1.640e-01, 2.619e-06, 0.000e+00, 7.067e+02, 0.000e+00, 1.851e-03, -0.000e+00, 6.475e-05, 0.000e+00
1.645e-01, 2.525e-06, 0.000e+00, 7.060e+02, 0.000e+00, 1.783e-03, -0.000e+00, 6.860e-05, 0.000e+00
1.650e-01, 2.468e-06, 0.000e+00, 7.052e+02, 0.000e+00, 1.740e-03, -0.000e+00, 7.080e-05, 0.000e+00
1.655e-01, 2.440e-06, 0.000e+00, 7.046e+02, 0.000e+00, 1.719e-03, -0.000e+00, 7.162e-05, 0.000e+00
1.660e-01, 2.437e-06, 0.000e+00, 7.039e+02, 0.000e+00, 1.716e-03, -0.000e+00, 7.132e-05, 0.000e+00
1.665e-01, 2.459e-06, 0.000e+00, 7.033e+02, 0.000e+00, 1.729e-03, -0.000e+00, 6.989e-05, 0.000e+00
1.670e-01, 2.505e-06, 0.000e+00, 7.026e+02, 0.000e+00, 1.760e-03, -0.000e+00, 6.735e-05, 0.000e+00
1.675e-01, 2.574e-06, 0.000e+00, 7.019e+02, 0.000e+00, 1.807e-03, -0.000e+00, 6.386e-05, 0.000e+00
1.680e-01, 2.647e-06, 0.000e+00, 7.014e+02, 0.000e+00, 1.857e-03, -0.000e+00, 6.023e-05, 0.000e+00
1.685e-01, 2.741e-06, 0.000e+00, 7.008e+02, 0.000e+00, 1.921e-03, -0.000e+00, 5.568e-05, 0.000e+00
1.690e-01, 2.854e-06, 0.000e+00, 7.002e+02, 0.000e+00, 1.998e-03, -0.000e+00, 5.028e-05, 0.000e+00
1.695e-01, 2.985e-06, 0.000e+00, 6.996e+02, 0.000e+00, 2.088e-03, -0.000e+00, 4.411e-05, 0.000e+00
1.700e-01, 3.133e-06, 0.000e+00, 6.990e+02, 0.000e+00, 2.190e-03, -0.000e+00, 3.724e-05, 0.000e+00
1.705e-01, 3.297e-06, 0.000e+00, 6.984e+02, 0.000e+00, 2.302e-03, -0.000e+00, 2.975e-05, 0.000e+00
1.710e-01, 3.473e-06, 0.000e+00, 6.977e+02, 0.000e+00, 2.423e-03, -0.000e+00, 2.174e-05, 0.000e+00
1.715e-01, 3.661e-06, 0.000e+00, 6.971e+02, 0.000e+00, 2.552e-03, -0.000e+00, 1.330e-05, 0.000e+00
1.720e-01, 3.859e-06, 0.000e+00, 6.964e+02, 0.000e+00, 2.687e-03, -0.000e+00, 4.529e-06, 0.000e+00
1.725e-01, 4.063e-06, 0.000e+00, 6.958e+02, 0.000e+00, 2.827e-03, -0.000e+00, -4.464e-06, 0.000e+00
1.730e-01, 4.272e-06, 0.000e+00, 6.952e+02, 0.000e+00, 2.970e-03, -0.000e+00, -1.358e-05, 0.000e+00
1.735e-01, 4.483e-06, 0.000e+00, 6.945e+02, 0.000e+00, 3.114e-03, -0.000e+00, -2.271e-05, 0.000e+00
1.740e-01, 4.695e-06, 0.000e+00, 6.939e+02, 0.000e+00, 3.258e-03, -0.000e+00, -3.175e-05, 0.000e+00
1.745e-01, 4.905e-06, 0.000e+00, 6.932e+02, 0.000e+00, 3.400e-03, -0.000e+00, -4.061e-05, 0.000e+00
1.750e-01, 5.110e-06, 0.000e+00, 6.925e+02, 0.000e+00, 3.539e-03, -0.000e+00, -4.918e-05, 0.000e+00
1.755e-01, 5.309e-06, 0.000e+00, 6.919e+02, 0.000e+00, 3.673e-03, -0.000e+00, -5.737e-05, 0.000e+00
1.760e-01, 5.499e-06, 0.000e+00, 6.912e+02, 0.000e+00, 3.801e-03, -0.000e+00, -6.509e-05, 0.000e+00
1.765e-01, 5.679e-06, 0.000e+00, 6.906e+02, 0.000e+00, 3.922e-03, -0.000e+00, -7.226e-05, 0.000e+00
1.770e-01, 5.847e-06, 0.000e+00, 6.899e+02, 0.000e+00, 4.033e-03, -0.000e+00, -7.881e-05, 0.000e+00
1.775e-01, 6.000e-06, 0.000e+00, 6.892e+02, 0.000e+00, 4.135e-03, -0.000e+00, -8.466e-05, 0.000e+00
1.780e-01, 6.138e-06, 0.000e+00, 6.885e+02, 0.000e+00, 4.226e-03, -0.000e+00, -8.974e-05, 0.000e+00
1.785e-01, 6.258e-06, 0.000e+00, 6.878e+02, 0.000e+00, 4.304e-03, -0.000e+00, -9.399e-05, 0.000e+00
1.790e-01, 6.360e-06, 0.000e+00, 6.871e+02, 0.000e+00, 4.370e-03, -0.000e+00, -9.734e-05, 0.000e+00
1.795e-01, 6.442e-06, 0.000e+00, 6.863e+02, 0.000e+00, 4.421e-03, -0.000e+00, -9.971e-05, 0.000e+00
1.800e-01, 6.488e-06, 0.000e+00, 6.857e+02, 0.000e+00, 4.449e-03, -0.000e+00, -1.007e-04, 0.000e+00
1.805e-01, 6.516e-06, 0.000e+00, 6.851e+02, 0.000e+00, 4.464e-03, -0.000e+00, -1.010e-04, 0.000e+00
1.810e-01, 6.525e-06, 0.000e+00, 6.844e+02, 0.000e+00, 4.466e-03, -0.000e+00, -1.003e-04, 0.000e+00
1.815e-01, 6.516e-06, 0.000e+00, 6.838e+02, 0.000e+00, 4.456e-03, -0.000e+00, -9.893e-05, 0.000e+00
1.820e-01, 6.488e-06, 0.000e+00, 6.832e+02, 0.000e+00, 4.432e-03, -0.000e+00, -9.671e-05, 0.000e+00
1.825e-01, 6.446e-06, 0.000e+00, 6.826e+02, 0.000e+00, 4.400e-03, -0.000e+00, -9.400e-05, 0.000e+00
1.830e-01, 6.397e-06, 0.000e+00, 6.820e+02, 0.000e+00, 4.363e-03, -0.000e+00, -9.112e-05, 0.000e+00
1.835e-01, 6.333e-06, 0.000e+00, 6.815e+02, 0.000e+00, 4.316e-03, -0.000e+00, -8.758e-05, 0.000e+00
1.840e-01, 6.255e-06, 0.000e+00, 6.809e+02, 0.000e+00, 4.259e-03, -0.000e+00, -8.344e-05, 0.000e+00
1.845e-01, 6.164e-06, 0.000e+00, 6.803e+02, 0.000e+00, 4.193e-03, -0.000e+00, -7.876e-05, 0.000e+00
1.850e-01, 6.060e-06, 0.000e+00, 6.798e+02, 0.000e+00, 4.119e-03, -0.000e+00, -7.368e-05, 0.000e+00
1.855e-01, 5.944e-06, 0.000e+00, 6.792e+02, 0.000e+00, 4.037e-03, -0.000e+00, -6.811e-05, 0.000e+00
1.860e-01, 5.819e-06, 0.000e+00, 6.785e+02, 0.000e+00, 3.949e-03, -0.000e+00, -6.220e-05, 0.000e+00
1.865e-01, 5.686e-06, 0.000e+00, 6.779e+02, 0.000e+00, 3.855e-03, -0.000e+00, -5.600e-05, 0.000e+00
1.870e-01, 5.546e-06, 0.000e+00, 6.773e+02, 0.000e+00, 3.757e-03, -0.000e+00, -4.956e-05, 0.000e+00
1.875e-01, 5.401e-06, 0.000e+00, 6.767e+02, 0.000e+00, 3.655e-03, -0.000e+00, -4.294e-05, 0.000e+00
1.880e-01, 5.252e-06, 0.000e+00, 6.761e+02, 0.000e+00, 3.551e-03, -0.000e+00, -3.623e-05, 0.000e+00
1.885e-01, 5.101e-06, 0.000e+00, 6.755e+02, 0.000e+00, 3.446e-03, -0.000e+00, -2.949e-05, 0.000e+00
1.890e-01, 4.950e-06, 0.000e+00, 6.749e+02, 0.000e+00, 3.341e-03, -0.000e+00, -2.280e-05, 0.000e+00
1.895e-01, 4.800e-06, 0.000e+00, 6.742e+02, 0.000e+00, 3.237e-03, -0.000e+00, -1.624e-05, 0.000e+00
1.900e-01, 4.654e-06, 0.000e+00, 6.736e+02, 0.000e+00, 3.135e-03, -0.000e+00, -9.855e-06, 0.000e+00
1.905e-01, 4.512e-06, 0.000e+00, 6.730e+02, 0.000e+00, 3.036e-03, -0.000e+00, -3.731e-06, 0.000e+00
1.910e-01, 4.376e-06, 0.000e+00, 6.724e+02, 0.000e+00, 2.942e-03, -0.000e+00, 2.074e-06, 0.000e+00
1.915e-01, 4.248e-06, 0.000e+00, 6.717e+02, 0.000e+00, 2.854e-03, -0.000e+00, 7.499e-06, 0.000e+00
1.920e-01, 4.130e-06, 0.000e+00, 6.711e+02, 0.000e+00, 2.771e-03, -0.000e+00, 1.249e-05, 0.000e+00
1.925e-01, 4.022e-06, 0.000e+00, 6.704e+02, 0.000e+00, 2.696e-03, -0.000e+00, 1.698e-05, 0.000e+00
1.930e-01, 3.926e-06, 0.000e+00, 6.698e+02, 0.000e+00, 2.629e-03, -0.000e+00, 2.094e-05, 0.000e+00
1.935e-01, 3.843e-06, 0.000e+00, 6.691e+02, 0.000e+00, 2.571e-03, -0.000e+00, 2.431e-05, 0.000e+00
1.940e-01, 3.774e-06, 0.000e+00, 6.684e+02, 0.000e+00, 2.523e-03, -0.000e+00, 2.705e-05, 0.000e+00
1.945e-01, 3.722e-06, 0.000e+00, 6.677e+02, 0.000e+00, 2.485e-03, -0.000e+00, 2.909e-05, 0.000e+00
1.950e-01, 3.690e-06, 0.000e+00, 6.670e+02, 0.000e+00, 2.461e-03, -0.000e+00, 3.026e-05, 0.000e+00
1.955e-01, 3.677e-06, 0.000e+00, 6.664e+02, 0.000e+00, 2.451e-03, -0.000e+00, 3.062e-05, 0.000e+00
1.960e-01, 3.679e-06, 0.000e+00, 6.658e+02, 0.000e+00, 2.450e-03, -0.000e+00, 3.040e-05, 0.000e+00
1.965e-01, 3.695e-06, 0.000e+00, 6.652e+02, 0.000e+00, 2.458e-03, -0.000e+00, 2.959e-05, 0.000e+00
1.970e-01, 3.726e-06, 0.000e+00, 6.646e+02, 0.000e+00, 2.476e-03, -0.000e+00, 2.820e-05, 0.000e+00
1.975e-01, 3.770e-06, 0.000e+00, 6.640e+02, 0.000e+00, 2.503e-03, -0.000e+00, 2.622e-05, 0.000e+00
1.980e-01, 3.819e-06, 0.000e+00, 6.635e+02, 0.000e+00, 2.533e-03, -0.000e+00, 2.414e-05, 0.000e+00
1.985e-01, 3.874e-06, 0.000e+00, 6.630e+02, 0.000e+00, 2.568e-03, -0.000e+00, 2.179e-05, 0.000e+00
1.990e-01, 3.941e-06, 0.000e+00, 6.624e+02, 0.000e+00, 2.610e-03, -0.000e+00, 1.897e-05, 0.000e+00
1.995e-01, 4.019e-06, 0.000e+00, 6.619e+02, 0.000e+00, 2.660e-03, -0.000e+00, 1.572e-05, 0.000e+00
2.000e-01, 4.107e-06, 0.000e+00, 6.613e+02, 0.000e+00, 2.716e-03, -0.000e+00, 1.208e-05, 0.000e+00
2.005e-01, 4.205e-06, 0.000e+00, 6.608e+02, 0.000e+00, 2.778e-03, -0.000e+00, 8.085e-06, 0.000e+00
2.010e-01, 4.311e-06, 0.000e+00, 6.602e+02, 0.000e+00, 2.846e-03, -0.000e+00, 3.782e-06, 0.000e+00
2.015e-01, 4.424e-06, 0.000e+00, 6.596e+02, 0.000e+00, 2.918e-03, -0.000e+00, -7.814e-07, 0.000e+00
2.020e-01, 4.544e-06, 0.000e+00, 6.590e+02, 0.000e+00, 2.994e-03, -0.000e+00, -5.557e-06, 0.000e+00
2.025e-01, 4.668e-06, 0.000e+00, 6.585e+02, 0.000e+00, 3.074e-03, -0.000e+00, -1.049e-05, 0.000e+00
2.030e-01, 4.797e-06, 0.000e+00, 6.579e+02, 0.000e+00, 3.156e-03, -0.000e+00, -1.554e-05, 0.000e+00
2.035e-01, 4.921e-06, 0.000e+00, 6.573e+02, 0.000e+00, 3.235e-03, -0.000e+00, -2.040e-05, 0.000e+00
2.040e-01, 5.055e-06, 0.000e+00, 6.567e+02, 0.000e+00, 3.320e-03, -0.000e+00, -2.556e-05, 0.000e+00
2.045e-01, 5.188e-06, 0.000e+00, 6.561e+02, 0.000e+00, 3.404e-03, -0.000e+00, -3.065e-05, 0.000e+00
2.050e-01, 5.318e-06, 0.000e+00, 6.555e+02, 0.000e+00, 3.486e-03, -0.000e+00, -3.560e-05, 0.000e+00
2.055e-01, 5.446e-06, 0.000e+00, 6.549e+02, 0.000e+00, 3.567e-03, -0.000e+00, -4.037e-05, 0.000e+00
2.060e-01, 5.569e-06, 0.000e+00, 6.543e+02, 0.000e+00, 3.644e-03, -0.000e+00, -4.493e-05, 0.000e+00
2.065e-01, 5.694e-06, 0.000e+00, 6.537e+02, 0.000e+00, 3.722e-03, -0.000e+00, -4.951e-05, 0.000e+00
2.070e-01, 5.807e-06, 0.000e+00, 6.531e+02, 0.000e+00, 3.793e-03, -0.000e+00, -5.358e-05, 0.000e+00
2.075e-01, 5.914e-06, 0.000e+00, 6.525e+02, 0.000e+00, 3.858e-03, -0.000e+00, -5.731e-05, 0.000e+00
2.080e-01, 6.012e-06, 0.000e+00, 6.518e+02, 0.000e+00, 3.919e-03, -0.000e+00, -6.068e-05, 0.000e+00
2.085e-01, 6.100e-06, 0.000e+00, 6.512e+02, 0.000e+00, 3.973e-03, -0.000e+00, -6.364e-05, 0.000e+00
2.090e-01, 6.179e-06, 0.000e+00, 6.506e+02, 0.000e+00, 4.020e-03, -0.000e+00, -6.617e-05, 0.000e+00
2.095e-01, 6.247e-06, 0.000e+00, 6.499e+02, 0.000e+00, 4.060e-03, -0.000e+00, -6.821e-05, 0.000e+00
2.100e-01, 6.303e-06, 0.000e+00, 6.492e+02, 0.000e+00, 4.092e-03, -0.000e+00, -6.973e-05, 0.000e+00
2.105e-01, 6.343e-06, 0.000e+00, 6.485e+02, 0.000e+00, 4.114e-03, -0.000e+00, -7.061e-05, 0.000e+00
2.110e-01, 6.365e-06, 0.000e+00, 6.480e+02, 0.000e+00, 4.124e-03, -0.000e+00, -7.086e-05, 0.000e+00
2.115e-01, 6.376e-06, 0.000e+00, 6.474e+02, 0.000e+00, 4.128e-03, -0.000e+00, -7.069e-05, 0.000e+00
2.120e-01, 6.376e-06, 0.000e+00, 6.468e+02, 0.000e+00, 4.124e-03, -0.000e+00, -7.007e-05, 0.000e+00
2.125e-01, 6.365e-06, 0.000e+00, 6.462e+02, 0.000e+00, 4.113e-03, -0.000e+00, -6.903e-05, 0.000e+00
2.130e-01, 6.344e-06, 0.000e+00, 6.456e+02, 0.000e+00, 4.096e-03, -0.000e+00, -6.756e-05, 0.000e+00
2.135e-01, 6.315e-06, 0.000e+00, 6.451e+02, 0.000e+00, 4.074e-03, -0.000e+00, -6.590e-05, 0.000e+00
2.140e-01, 6.284e-06, 0.000e+00, 6.447e+02, 0.000e+00, 4.051e-03, -0.000e+00, -6.421e-05, 0.000e+00
2.145e-01, 6.244e-06, 0.000e+00, 6.442e+02, 0.000e+00, 4.022e-03, -0.000e+00, -6.216e-05, 0.000e+00
2.150e-01, 6.196e-06, 0.000e+00, 6.437e+02, 0.000e+00, 3.988e-03, -0.000e+00, -5.979e-05, 0.000e+00
2.155e-01, 6.140e-06, 0.000e+00, 6.431e+02, 0.000e+00, 3.949e-03, -0.000e+00, -5.712e-05, 0.000e+00
2.160e-01, 6.077e-06, 0.000e+00, 6.426e+02, 0.000e+00, 3.905e-03, -0.000e+00, -5.418e-05, 0.000e+00
2.165e-01, 6.008e-06, 0.000e+00, 6.421e+02, 0.000e+00, 3.858e-03, -0.000e+00, -5.101e-05, 0.000e+00
2.170e-01, 5.933e-06, 0.000e+00, 6.415e+02, 0.000e+00, 3.806e-03, -0.000e+00, -4.764e-05, 0.000e+00
2.175e-01, 5.853e-06, 0.000e+00, 6.410e+02, 0.000e+00, 3.752e-03, -0.000e+00, -4.410e-05, 0.000e+00
2.180e-01, 5.770e-06, 0.000e+00, 6.404e+02, 0.000e+00, 3.695e-03, -0.000e+00, -4.043e-05, 0.000e+00
2.185e-01, 5.683e-06, 0.000e+00, 6.398e+02, 0.000e+00, 3.636e-03, -0.000e+00, -3.667e-05, 0.000e+00
2.190e-01, 5.608e-06, 0.000e+00, 6.394e+02, 0.000e+00, 3.585e-03, -0.000e+00, -3.346e-05, 0.000e+00
2.195e-01, 5.517e-06, 0.000e+00, 6.388e+02, 0.000e+00, 3.524e-03, -0.000e+00, -2.959e-05, 0.000e+00
2.200e-01, 5.425e-06, 0.000e+00, 6.382e+02, 0.000e+00, 3.463e-03, -0.000e+00, -2.574e-05, 0.000e+00
2.205e-01, 5.335e-06, 0.000e+00, 6.377e+02, 0.000e+00, 3.402e-03, -0.000e+00, -2.197e-05, 0.000e+00
2.210e-01, 5.247e-06, 0.000e+00, 6.371e+02, 0.000e+00, 3.343e-03, -0.000e+00, -1.832e-05, 0.000e+00
2.215e-01, 5.162e-06, 0.000e+00, 6.365e+02, 0.000e+00, 3.286e-03, -0.000e+00, -1.481e-05, 0.000e+00
2.220e-01, 5.081e-06, 0.000e+00, 6.359e+02, 0.000e+00, 3.231e-03, -0.000e+00, -1.148e-05, 0.000e+00
2.225e-01, 4.989e-06, 0.000e+00, 6.353e+02, 0.000e+00, 3.170e-03, -0.000e+00, -7.767e-06, 0.000e+00
2.230e-01, 4.917e-06, 0.000e+00, 6.347e+02, 0.000e+00, 3.121e-03, -0.000e+00, -4.839e-06, 0.000e+00
2.235e-01, 4.851e-06, 0.000e+00, 6.341e+02, 0.000e+00, 3.076e-03, -0.000e+00, -2.171e-06, 0.000e+00
2.240e-01, 4.792e-06, 0.000e+00, 6.335e+02, 0.000e+00, 3.035e-03, -0.000e+00, 2.118e-07, 0.000e+00
2.245e-01, 4.740e-06, 0.000e+00, 6.329e+02, 0.000e+00, 3.000e-03, -0.000e+00, 2.281e-06, 0.000e+00
2.250e-01, 4.697e-06, 0.000e+00, 6.322e+02, 0.000e+00, 2.970e-03, -0.000e+00, 4.011e-06, 0.000e+00
2.255e-01, 4.663e-06, 0.000e+00, 6.316e+02, 0.000e+00, 2.945e-03, -0.000e+00, 5.371e-06, 0.000e+00
2.260e-01, 4.639e-06, 0.000e+00, 6.309e+02, 0.000e+00, 2.927e-03, -0.000e+00, 6.323e-06, 0.000e+00
2.265e-01, 4.629e-06, 0.000e+00, 6.303e+02, 0.000e+00, 2.918e-03, -0.000e+00, 6.759e-06, 0.000e+00
2.270e-01, 4.629e-06, 0.000e+00, 6.297e+02, 0.000e+00, 2.915e-03, -0.000e+00, 6.798e-06, 0.000e+00
2.275e-01, 4.638e-06, 0.000e+00, 6.292e+02, 0.000e+00, 2.918e-03, -0.000e+00, 6.517e-06, 0.000e+00
2.280e-01, 4.655e-06, 0.000e+00, 6.286e+02, 0.000e+00, 2.926e-03, -0.000e+00, 5.916e-06, 0.000e+00
2.285e-01, 4.680e-06, 0.000e+00, 6.281e+02, 0.000e+00, 2.940e-03, -0.000e+00, 4.999e-06, 0.000e+00
2.290e-01, 4.714e-06, 0.000e+00, 6.275e+02, 0.000e+00, 2.958e-03, -0.000e+00, 3.769e-06, 0.000e+00
2.295e-01, 4.750e-06, 0.000e+00, 6.270e+02, 0.000e+00, 2.979e-03, -0.000e+00, 2.469e-06, 0.000e+00
2.300e-01, 4.787e-06, 0.000e+00, 6.266e+02, 0.000e+00, 2.999e-03, -0.000e+00, 1.147e-06, 0.000e+00
2.305e-01, 4.831e-06, 0.000e+00, 6.261e+02, 0.000e+00, 3.025e-03, -0.000e+00, -4.399e-07, 0.000e+00
2.310e-01, 4.882e-06, 0.000e+00, 6.257e+02, 0.000e+00, 3.054e-03, -0.000e+00, -2.266e-06, 0.000e+00
2.315e-01, 4.939e-06, 0.000e+00, 6.252e+02, 0.000e+00, 3.087e-03, -0.000e+00, -4.309e-06, 0.000e+00
2.320e-01, 5.001e-06, 0.000e+00, 6.247e+02, 0.000e+00, 3.124e-03, -0.000e+00, -6.546e-06, 0.000e+00
2.325e-01, 5.069e-06, 0.000e+00, 6.241e+02, 0.000e+00, 3.164e-03, -0.000e+00, -8.954e-06, 0.000e+00
2.330e-01, 5.141e-06, 0.000e+00, 6.236e+02, 0.000e+00, 3.206e-03, -0.000e+00, -1.151e-05, 0.000e+00
2.335e-01, 5.218e-06, 0.000e+00, 6.231e+02, 0.000e+00, 3.251e-03, -0.000e+00, -1.419e-05, 0.000e+00
2.340e-01, 5.297e-06, 0.000e+00, 6.226e+02, 0.000e+00, 3.298e-03, -0.000e+00, -1.696e-05, 0.000e+00
2.345e-01, 5.379e-06, 0.000e+00, 6.220e+02, 0.000e+00, 3.346e-03, -0.000e+00, -1.980e-05, 0.000e+00
2.350e-01, 5.441e-06, 0.000e+00, 6.216e+02, 0.000e+00, 3.382e-03, -0.000e+00, -2.193e-05, 0.000e+00
2.355e-01, 5.522e-06, 0.000e+00, 6.211e+02, 0.000e+00, 3.430e-03, -0.000e+00, -2.472e-05, 0.000e+00
2.360e-01, 5.606e-06, 0.000e+00, 6.206e+02, 0.000e+00, 3.479e-03, -0.000e+00, -2.757e-05, 0.000e+00
2.365e-01, 5.690e-06, 0.000e+00, 6.200e+02, 0.000e+00, 3.528e-03, -0.000e+00, -3.040e-05, 0.000e+00
2.370e-01, 5.775e-06, 0.000e+00, 6.195e+02, 0.000e+00, 3.577e-03, -0.000e+00, -3.320e-05, 0.000e+00
2.375e-01, 5.858e-06, 0.000e+00, 6.189e+02, 0.000e+00, 3.626e-03, -0.000e+00, -3.594e-05, 0.000e+00
2.380e-01, 5.940e-06, 0.000e+00, 6.184e+02, 0.000e+00, 3.673e-03, -0.000e+00, -3.860e-05, 0.000e+00
2.385e-01, 6.020e-06, 0.000e+00, 6.178e+02, 0.000e+00, 3.719e-03, -0.000e+00, -4.114e-05, 0.000e+00
2.390e-01, 6.110e-06, 0.000e+00, 6.171e+02, 0.000e+00, 3.770e-03, -0.000e+00, -4.395e-05, 0.000e+00
2.395e-01, 6.178e-06, 0.000e+00, 6.165e+02, 0.000e+00, 3.809e-03, -0.000e+00, -4.601e-05, 0.000e+00
2.400e-01, 6.241e-06, 0.000e+00, 6.160e+02, 0.000e+00, 3.844e-03, -0.000e+00, -4.786e-05, 0.000e+00
2.405e-01, 6.298e-06, 0.000e+00, 6.154e+02, 0.000e+00, 3.876e-03, -0.000e+00, -4.949e-05, 0.000e+00
2.410e-01, 6.349e-06, 0.000e+00, 6.148e+02, 0.000e+00, 3.904e-03, -0.000e+00, -5.087e-05, 0.000e+00
2.415e-01, 6.394e-06, 0.000e+00, 6.142e+02, 0.000e+00, 3.927e-03, -0.000e+00, -5.199e-05, 0.000e+00
2.420e-01, 6.432e-06, 0.000e+00, 6.135e+02, 0.000e+00, 3.946e-03, -0.000e+00, -5.281e-05, 0.000e+00
2.425e-01, 6.462e-06, 0.000e+00, 6.129e+02, 0.000e+00, 3.960e-03, -0.000e+00, -5.328e-05, 0.000e+00
2.430e-01, 6.477e-06, 0.000e+00, 6.123e+02, 0.000e+00, 3.966e-03, -0.000e+00, -5.339e-05, 0.000e+00
2.435e-01, 6.486e-06, 0.000e+00, 6.118e+02, 0.000e+00, 3.968e-03, -0.000e+00, -5.326e-05, 0.000e+00
2.440e-01, 6.489e-06, 0.000e+00, 6.113e+02, 0.000e+00, 3.967e-03, -0.000e+00, -5.289e-05, 0.000e+00
2.445e-01, 6.486e-06, 0.000e+00, 6.107e+02, 0.000e+00, 3.961e-03, -0.000e+00, -5.229e-05, 0.000e+00
2.450e-01, 6.476e-06, 0.000e+00, 6.102e+02, 0.000e+00, 3.952e-03, -0.000e+00, -5.147e-05, 0.000e+00
2.455e-01, 6.460e-06, 0.000e+00, 6.097e+02, 0.000e+00, 3.938e-03, -0.000e+00, -5.042e-05, 0.000e+00
2.460e-01, 6.444e-06, 0.000e+00, 6.093e+02, 0.000e+00, 3.926e-03, -0.000e+00, -4.949e-05, 0.000e+00
2.465e-01, 6.424e-06, 0.000e+00, 6.089e+02, 0.000e+00, 3.911e-03, -0.000e+00, -4.842e-05, 0.000e+00
2.470e-01, 6.399e-06, 0.000e+00, 6.084e+02, 0.000e+00, 3.893e-03, -0.000e+00, -4.717e-05, 0.000e+00
2.475e-01, 6.370e-06, 0.000e+00, 6.079e+02, 0.000e+00, 3.873e-03, -0.000e+00, -4.575e-05, 0.000e+00
2.480e-01, 6.336e-06, 0.000e+00, 6.075e+02, 0.000e+00, 3.849e-03, -0.000e+00, -4.418e-05, 0.000e+00
2.485e-01, 6.299e-06, 0.000e+00, 6.070e+02, 0.000e+00, 3.824e-03, -0.000e+00, -4.247e-05, 0.000e+00
2.490e-01, 6.258e-06, 0.000e+00, 6.065e+02, 0.000e+00, 3.796e-03, -0.000e+00, -4.064e-05, 0.000e+00
2.495e-01, 6.214e-06, 0.000e+00, 6.060e+02, 0.000e+00, 3.766e-03, -0.000e+00, -3.871e-05, 0.000e+00
2.500e-01, 6.168e-06, 0.000e+00, 6.055e+02, 0.000e+00, 3.735e-03, -0.000e+00, -3.670e-05, 0.000e+00
2.505e-01, 6.119e-06, 0.000e+00, 6.050e+02, 0.000e+00, 3.702e-03, -0.000e+00, -3.463e-05, 0.000e+00
2.510e-01, 6.069e-06, 0.000e+00, 6.045e+02, 0.000e+00, 3.669e-03, -0.000e+00, -3.251e-05, 0.000e+00
2.515e-01, 6.018e-06, 0.000e+00, 6.040e+02, 0.000e+00, 3.634e-03, -0.000e+00, -3.037e-05, 0.000e+00
2.520e-01, 5.966e-06, 0.000e+00, 6.035e+02, 0.000e+00, 3.600e-03, -0.000e+00, -2.822e-05, 0.000e+00
2.525e-01, 5.914e-06, 0.000e+00, 6.029e+02, 0.000e+00, 3.566e-03, -0.000e+00, -2.612e-05, 0.000e+00
2.530e-01, 5.863e-06, 0.000e+00, 6.024e+02, 0.000e+00, 3.532e-03, -0.000e+00, -2.404e-05, 0.000e+00
2.535e-01, 5.813e-06, 0.000e+00, 6.019e+02, 0.000e+00, 3.499e-03, -0.000e+00, -2.199e-05, 0.000e+00
2.540e-01, 5.763e-06, 0.000e+00, 6.014e+02, 0.000e+00, 3.466e-03, -0.000e+00, -1.999e-05, 0.000e+00
2.545e-01, 5.717e-06, 0.000e+00, 6.008e+02, 0.000e+00, 3.435e-03, -0.000e+00, -1.811e-05, 0.000e+00
2.550e-01, 5.673e-06, 0.000e+00, 6.003e+02, 0.000e+00, 3.405e-03, -0.000e+00, -1.634e-05, 0.000e+00
2.555e-01, 5.632e-06, 0.000e+00, 5.998e+02, 0.000e+00, 3.378e-03, -0.000e+00, -1.470e-05, 0.000e+00
2.560e-01, 5.595e-06, 0.000e+00, 5.992e+02, 0.000e+00, 3.353e-03, -0.000e+00, -1.319e-05, 0.000e+00
2.565e-01, 5.562e-06, 0.000e+00, 5.987e+02, 0.000e+00, 3.330e-03, -0.000e+00, -1.183e-05, 0.000e+00
2.570e-01, 5.534e-06, 0.000e+00, 5.981e+02, 0.000e+00, 3.310e-03, -0.000e+00, -1.065e-05, 0.000e+00
2.575e-01, 5.510e-06, 0.000e+00, 5.975e+02, 0.000e+00, 3.293e-03, -0.000e+00, -9.645e-06, 0.000e+00
2.580e-01, 5.492e-06, 0.000e+00, 5.969e+02, 0.000e+00, 3.279e-03, -0.000e+00, -8.842e-06, 0.000e+00
2.585e-01, 5.481e-06, 0.000e+00, 5.963e+02, 0.000e+00, 3.268e-03, -0.000e+00, -8.257e-06, 0.000e+00
2.590e-01, 5.477e-06, 0.000e+00, 5.957e+02, 0.000e+00, 3.262e-03, -0.000e+00, -7.923e-06, 0.000e+00
2.595e-01, 5.480e-06, 0.000e+00, 5.951e+02, 0.000e+00, 3.261e-03, -0.000e+00, -7.851e-06, 0.000e+00
2.600e-01, 5.487e-06, 0.000e+00, 5.946e+02, 0.000e+00, 3.263e-03, -0.000e+00, -7.930e-06, 0.000e+00
2.605e-01, 5.500e-06, 0.000e+00, 5.941e+02, 0.000e+00, 3.268e-03, -0.000e+00, -8.179e-06, 0.000e+00
2.610e-01, 5.518e-06, 0.000e+00, 5.936e+02, 0.000e+00, 3.276e-03, -0.000e+00, -8.597e-06, 0.000e+00
2.615e-01, 5.546e-06, 0.000e+00, 5.930e+02, 0.000e+00, 3.289e-03, -0.000e+00, -9.328e-06, 0.000e+00
2.620e-01, 5.569e-06, 0.000e+00, 5.926e+02, 0.000e+00, 3.300e-03, -0.000e+00, -9.940e-06, 0.000e+00
2.625e-01, 5.599e-06, 0.000e+00, 5.921e+02, 0.000e+00, 3.315e-03, -0.000e+00, -1.078e-05, 0.000e+00
2.630e-01, 5.624e-06, 0.000e+00, 5.917e+02, 0.000e+00, 3.328e-03, -0.000e+00, -1.150e-05, 0.000e+00
2.635e-01, 5.654e-06, 0.000e+00, 5.913e+02, 0.000e+00, 3.344e-03, -0.000e+00, -1.237e-05, 0.000e+00
2.640e-01, 5.689e-06, 0.000e+00, 5.909e+02, 0.000e+00, 3.362e-03, -0.000e+00, -1.337e-05, 0.000e+00
2.645e-01, 5.728e-06, 0.000e+00, 5.905e+02, 0.000e+00, 3.382e-03, -0.000e+00, -1.449e-05, 0.000e+00
2.650e-01, 5.770e-06, 0.000e+00, 5.900e+02, 0.000e+00, 3.404e-03, -0.000e+00, -1.572e-05, 0.000e+00
2.655e-01, 5.815e-06, 0.000e+00, 5.896e+02, 0.000e+00, 3.429e-03, -0.000e+00, -1.704e-05, 0.000e+00
2.660e-01, 5.863e-06, 0.000e+00, 5.891e+02, 0.000e+00, 3.454e-03, -0.000e+00, -1.844e-05, 0.000e+00
2.665e-01, 5.914e-06, 0.000e+00, 5.886e+02, 0.000e+00, 3.481e-03, -0.000e+00, -1.991e-05, 0.000e+00
2.670e-01, 5.967e-06, 0.000e+00, 5.881e+02, 0.000e+00, 3.509e-03, -0.000e+00, -2.144e-05, 0.000e+00
2.675e-01, 6.021e-06, 0.000e+00, 5.877e+02, 0.000e+00, 3.538e-03, -0.000e+00, -2.300e-05, 0.000e+00
2.680e-01, 6.077e-06, 0.000e+00, 5.872e+02, 0.000e+00, 3.568e-03, -0.000e+00, -2.459e-05, 0.000e+00
2.685e-01, 6.133e-06, 0.000e+00, 5.867e+02, 0.000e+00, 3.598e-03, -0.000e+00, -2.620e-05, 0.000e+00
2.690e-01, 6.190e-06, 0.000e+00, 5.862e+02, 0.000e+00, 3.629e-03, -0.000e+00, -2.781e-05, 0.000e+00
2.695e-01, 6.247e-06, 0.000e+00, 5.857e+02, 0.000e+00, 3.659e-03, -0.000e+00, -2.940e-05, 0.000e+00
2.700e-01, 6.304e-06, 0.000e+00, 5.852e+02, 0.000e+00, 3.689e-03, -0.000e+00, -3.096e-05, 0.000e+00
2.705e-01, 6.360e-06, 0.000e+00, 5.847e+02, 0.000e+00, 3.719e-03, -0.000e+00, -3.248e-05, 0.000e+00
2.710e-01, 6.415e-06, 0.000e+00, 5.842e+02, 0.000e+00, 3.748e-03, -0.000e+00, -3.395e-05, 0.000e+00
2.715e-01, 6.468e-06, 0.000e+00, 5.837e+02, 0.000e+00, 3.775e-03, -0.000e+00, -3.534e-05, 0.000e+00
2.720e-01, 6.520e-06, 0.000e+00, 5.832e+02, 0.000e+00, 3.802e-03, -0.000e+00, -3.666e-05, 0.000e+00
2.725e-01, 6.569e-06, 0.000e+00, 5.826e+02, 0.000e+00, 3.827e-03, -0.000e+00, -3.789e-05, 0.000e+00
2.730e-01, 6.616e-06, 0.000e+00, 5.821e+02, 0.000e+00, 3.851e-03, -0.000e+00, -3.902e-05, 0.000e+00
2.735e-01, 6.660e-06, 0.000e+00, 5.816e+02, 0.000e+00, 3.873e-03, -0.000e+00, -4.003e-05, 0.000e+00
2.740e-01, 6.700e-06, 0.000e+00, 5.810e+02, 0.000e+00, 3.893e-03, -0.000e+00, -4.092e-05, 0.000e+00
2.745e-01, 6.737e-06, 0.000e+00, 5.805e+02, 0.000e+00, 3.911e-03, -0.000e+00, -4.168e-05, 0.000e+00
2.750e-01, 6.771e-06, 0.000e+00, 5.799e+02, 0.000e+00, 3.927e-03, -0.000e+00, -4.230e-05, 0.000e+00
2.755e-01, 6.801e-06, 0.000e+00, 5.793e+02, 0.000e+00, 3.940e-03, -0.000e+00, -4.276e-05, 0.000e+00
2.760e-01, 6.826e-06, 0.000e+00, 5.787e+02, 0.000e+00, 3.950e-03, -0.000e+00, -4.303e-05, 0.000e+00
2.765e-01, 6.843e-06, 0.000e+00, 5.782e+02, 0.000e+00, 3.956e-03, -0.000e+00, -4.310e-05, 0.000e+00
2.770e-01, 6.854e-06, 0.000e+00, 5.777e+02, 0.000e+00, 3.960e-03, -0.000e+00, -4.303e-05, 0.000e+00
2.775e-01, 6.861e-06, 0.000e+00, 5.772e+02, 0.000e+00, 3.960e-03, -0.000e+00, -4.284e-05, 0.000e+00
2.780e-01, 6.865e-06, 0.000e+00, 5.767e+02, 0.000e+00, 3.959e-03, -0.000e+00, -4.253e-05, 0.000e+00
2.785e-01, 6.865e-06, 0.000e+00, 5.762e+02, 0.000e+00, 3.956e-03, -0.000e+00, -4.210e-05, 0.000e+00
2.790e-01, 6.862e-06, 0.000e+00, 5.757e+02, 0.000e+00, 3.951e-03, -0.000e+00, -4.155e-05, 0.000e+00
2.795e-01, 6.855e-06, 0.000e+00, 5.752e+02, 0.000e+00, 3.943e-03, -0.000e+00, -4.088e-05, 0.000e+00
2.800e-01, 6.848e-06, 0.000e+00, 5.749e+02, 0.000e+00, 3.937e-03, -0.000e+00, -4.038e-05, 0.000e+00
2.805e-01, 6.839e-06, 0.000e+00, 5.745e+02, 0.000e+00, 3.929e-03, -0.000e+00, -3.978e-05, 0.000e+00
2.810e-01, 6.828e-06, 0.000e+00, 5.741e+02, 0.000e+00, 3.920e-03, -0.000e+00, -3.907e-05, 0.000e+00
2.815e-01, 6.814e-06, 0.000e+00, 5.737e+02, 0.000e+00, 3.910e-03, -0.000e+00, -3.828e-05, 0.000e+00
2.820e-01, 6.799e-06, 0.000e+00, 5.733e+02, 0.000e+00, 3.898e-03, -0.000e+00, -3.741e-05, 0.000e+00
2.825e-01, 6.781e-06, 0.000e+00, 5.729e+02, 0.000e+00, 3.884e-03, -0.000e+00, -3.648e-05, 0.000e+00
2.830e-01, 6.761e-06, 0.000e+00, 5.724e+02, 0.000e+00, 3.870e-03, -0.000e+00, -3.548e-05, 0.000e+00
2.835e-01, 6.739e-06, 0.000e+00, 5.720e+02, 0.000e+00, 3.855e-03, -0.000e+00, -3.443e-05, 0.000e+00
2.840e-01, 6.717e-06, 0.000e+00, 5.715e+02, 0.000e+00, 3.839e-03, -0.000e+00, -3.334e-05, 0.000e+00
2.845e-01, 6.692e-06, 0.000e+00, 5.711e+02, 0.000e+00, 3.822e-03, -0.000e+00, -3.222e-05, 0.000e+00
2.850e-01, 6.668e-06, 0.000e+00, 5.706e+02, 0.000e+00, 3.804e-03, -0.000e+00, -3.108e-05, 0.000e+00
2.855e-01, 6.642e-06, 0.000e+00, 5.701e+02, 0.000e+00, 3.787e-03, -0.000e+00, -2.992e-05, 0.000e+00
2.860e-01, 6.616e-06, 0.000e+00, 5.697e+02, 0.000e+00, 3.769e-03, -0.000e+00, -2.876e-05, 0.000e+00
2.865e-01, 6.591e-06, 0.000e+00, 5.692e+02, 0.000e+00, 3.751e-03, -0.000e+00, -2.761e-05, 0.000e+00
2.870e-01, 6.565e-06, 0.000e+00, 5.687e+02, 0.000e+00, 3.734e-03, -0.000e+00, -2.647e-05, 0.000e+00
2.875e-01, 6.540e-06, 0.000e+00, 5.682e+02, 0.000e+00, 3.716e-03, -0.000e+00, -2.536e-05, 0.000e+00
2.880e-01, 6.516e-06, 0.000e+00, 5.677e+02, 0.000e+00, 3.700e-03, -0.000e+00, -2.428e-05, 0.000e+00
2.885e-01, 6.493e-06, 0.000e+00, 5.673e+02, 0.000e+00, 3.683e-03, -0.000e+00, -2.325e-05, 0.000e+00
2.890e-01, 6.472e-06, 0.000e+00, 5.668e+02, 0.000e+00, 3.668e-03, -0.000e+00, -2.227e-05, 0.000e+00
2.895e-01, 6.453e-06, 0.000e+00, 5.663e+02, 0.000e+00, 3.654e-03, -0.000e+00, -2.135e-05, 0.000e+00
2.900e-01, 6.435e-06, 0.000e+00, 5.658e+02, 0.000e+00, 3.641e-03, -0.000e+00, -2.050e-05, 0.000e+00
2.905e-01, 6.420e-06, 0.000e+00, 5.653e+02, 0.000e+00, 3.629e-03, -0.000e+00, -1.973e-05, 0.000e+00
2.910e-01, 6.407e-06, 0.000e+00, 5.648e+02, 0.000e+00, 3.619e-03, -0.000e+00, -1.904e-05, 0.000e+00
2.915e-01, 6.398e-06, 0.000e+00, 5.642e+02, 0.000e+00, 3.610e-03, -0.000e+00, -1.844e-05, 0.000e+00
2.920e-01, 6.391e-06, 0.000e+00, 5.637e+02, 0.000e+00, 3.603e-03, -0.000e+00, -1.795e-05, 0.000e+00
2.925e-01, 6.388e-06, 0.000e+00, 5.631e+02, 0.000e+00, 3.597e-03, -0.000e+00, -1.756e-05, 0.000e+00
2.930e-01, 6.389e-06, 0.000e+00, 5.626e+02, 0.000e+00, 3.595e-03, -0.000e+00, -1.728e-05, 0.000e+00
2.935e-01, 6.396e-06, 0.000e+00, 5.620e+02, 0.000e+00, 3.594e-03, -0.000e+00, -1.715e-05, 0.000e+00
2.940e-01, 6.405e-06, 0.000e+00, 5.614e+02, 0.000e+00, 3.596e-03, -0.000e+00, -1.716e-05, 0.000e+00
2.945e-01, 6.416e-06, 0.000e+00, 5.610e+02, 0.000e+00, 3.599e-03, -0.000e+00, -1.726e-05, 0.000e+00
2.950e-01, 6.430e-06, 0.000e+00, 5.605e+02, 0.000e+00, 3.604e-03, -0.000e+00, -1.745e-05, 0.000e+00
2.955e-01, 6.447e-06, 0.000e+00, 5.600e+02, 0.000e+00, 3.611e-03, -0.000e+00, -1.772e-05, 0.000e+00
2.960e-01, 6.467e-06, 0.000e+00, 5.596e+02, 0.000e+00, 3.619e-03, -0.000e+00, -1.808e-05, 0.000e+00
2.965e-01, 6.490e-06, 0.000e+00, 5.591e+02, 0.000e+00, 3.628e-03, -0.000e+00, -1.852e-05, 0.000e+00
2.970e-01, 6.516e-06, 0.000e+00, 5.586e+02, 0.000e+00, 3.640e-03, -0.000e+00, -1.904e-05, 0.000e+00
2.975e-01, 6.535e-06, 0.000e+00, 5.583e+02, 0.000e+00, 3.648e-03, -0.000e+00, -1.945e-05, 0.000e+00
2.980e-01, 6.555e-06, 0.000e+00, 5.580e+02, 0.000e+00, 3.657e-03, -0.000e+00, -1.989e-05, 0.000e+00
2.985e-01, 6.579e-06, 0.000e+00, 5.576e+02, 0.000e+00, 3.668e-03, -0.000e+00, -2.041e-05, 0.000e+00
2.990e-01, 6.605e-06, 0.000e+00, 5.572e+02, 0.000e+00, 3.680e-03, -0.000e+00, -2.099e-05, 0.000e+00
2.995e-01, 6.634e-06, 0.000e+00, 5.568e+02, 0.000e+00, 3.694e-03, -0.000e+00, -2.163e-05, 0.000e+00
3.000e-01, 6.665e-06, 0.000e+00, 5.564e+02, 0.000e+00, 3.708e-03, -0.000e+00, -2.232e-05, 0.000e+00
