 # Time,   Mach,     alfa,     beta,     Clp,     Cm_alfa,     Cm_p_alfa,     Cm_q,     Cn_beta,     Cn_r 
5.000e-04, 2.935e+00, 4.929e-06, 0.000e+00, -1.050e-02, -3.013e+00, 4.030e-01, -1.530e+01, 3.013e+00, -1.530e+01
1.000e-03, 2.932e+00, 9.709e-06, 0.000e+00, -1.050e-02, -3.013e+00, 4.030e-01, -1.530e+01, 3.013e+00, -1.530e+01
1.500e-03, 2.928e+00, 1.425e-05, 0.000e+00, -1.050e-02, -3.013e+00, 4.029e-01, -1.530e+01, 3.013e+00, -1.530e+01
2.000e-03, 2.924e+00, 1.845e-05, 0.000e+00, -1.050e-02, -3.013e+00, 4.029e-01, -1.530e+01, 3.013e+00, -1.530e+01
2.500e-03, 2.920e+00, 2.222e-05, 0.000e+00, -1.050e-02, -3.013e+00, 4.028e-01, -1.530e+01, 3.013e+00, -1.530e+01
3.000e-03, 2.916e+00, 2.545e-05, 0.000e+00, -1.050e-02, -3.013e+00, 4.028e-01, -1.530e+01, 3.013e+00, -1.530e+01
3.500e-03, 2.913e+00, 2.808e-05, 0.000e+00, -1.050e-02, -3.013e+00, 4.028e-01, -1.530e+01, 3.013e+00, -1.530e+01
4.000e-03, 2.910e+00, 2.929e-05, 0.000e+00, -1.050e-02, -3.013e+00, 4.027e-01, -1.530e+01, 3.013e+00, -1.530e+01
4.500e-03, 2.906e+00, 3.059e-05, 0.000e+00, -1.050e-02, -3.013e+00, 4.027e-01, -1.530e+01, 3.013e+00, -1.530e+01
5.000e-03, 2.903e+00, 3.117e-05, 0.000e+00, -1.050e-02, -3.013e+00, 4.027e-01, -1.530e+01, 3.013e+00, -1.530e+01
5.500e-03, 2.899e+00, 3.109e-05, 0.000e+00, -1.050e-02, -3.013e+00, 4.027e-01, -1.530e+01, 3.013e+00, -1.530e+01
6.000e-03, 2.896e+00, 3.035e-05, 0.000e+00, -1.050e-02, -3.013e+00, 4.026e-01, -1.530e+01, 3.013e+00, -1.530e+01
6.500e-03, 2.891e+00, 2.831e-05, 0.000e+00, -1.050e-02, -3.013e+00, 4.026e-01, -1.530e+01, 3.013e+00, -1.530e+01
7.000e-03, 2.888e+00, 2.648e-05, 0.000e+00, -1.050e-02, -3.013e+00, 4.026e-01, -1.530e+01, 3.013e+00, -1.530e+01
7.500e-03, 2.885e+00, 2.415e-05, 0.000e+00, -1.050e-02, -3.013e+00, 4.025e-01, -1.530e+01, 3.013e+00, -1.530e+01
8.000e-03, 2.881e+00, 2.137e-05, 0.000e+00, -1.050e-02, -3.013e+00, 4.025e-01, -1.530e+01, 3.013e+00, -1.530e+01
8.500e-03, 2.878e+00, 1.821e-05, 0.000e+00, -1.050e-02, -3.013e+00, 4.025e-01, -1.530e+01, 3.013e+00, -1.530e+01
9.000e-03, 2.875e+00, 1.474e-05, 0.000e+00, -1.050e-02, -3.013e+00, 4.025e-01, -1.530e+01, 3.013e+00, -1.530e+01
9.500e-03, 2.871e+00, 1.103e-05, 0.000e+00, -1.050e-02, -3.013e+00, 4.025e-01, -1.530e+01, 3.013e+00, -1.530e+01
1.000e-02, 2.868e+00, 7.176e-06, 0.000e+00, -1.050e-02, -3.013e+00, 4.024e-01, -1.530e+01, 3.013e+00, -1.530e+01
1.050e-02, 2.864e+00, 3.261e-06, 0.000e+00, -1.050e-02, -3.013e+00, 4.024e-01, -1.530e+01, 3.013e+00, -1.530e+01
1.100e-02, 2.861e+00, -6.291e-07, 0.000e+00, -1.050e-02, -3.013e+00, 4.024e-01, -1.530e+01, 3.013e+00, -1.530e+01
1.150e-02, 2.857e+00, -4.407e-06, 0.000e+00, -1.050e-02, -3.013e+00, 4.024e-01, -1.530e+01, 3.013e+00, -1.530e+01
1.200e-02, 2.854e+00, -7.999e-06, 0.000e+00, -1.050e-02, -3.013e+00, 4.023e-01, -1.530e+01, 3.013e+00, -1.530e+01
1.250e-02, 2.850e+00, -1.132e-05, 0.000e+00, -1.050e-02, -3.013e+00, 4.023e-01, -1.530e+01, 3.013e+00, -1.530e+01
1.300e-02, 2.847e+00, -1.428e-05, 0.000e+00, -1.050e-02, -3.013e+00, 4.023e-01, -1.530e+01, 3.013e+00, -1.530e+01
1.350e-02, 2.843e+00, -1.683e-05, 0.000e+00, -1.050e-02, -3.013e+00, 4.022e-01, -1.530e+01, 3.013e+00, -1.530e+01
1.400e-02, 2.841e+00, -1.806e-05, 0.000e+00, -1.050e-02, -3.013e+00, 4.022e-01, -1.530e+01, 3.013e+00, -1.530e+01
1.450e-02, 2.837e+00, -1.979e-05, 0.000e+00, -1.050e-02, -3.013e+00, 4.022e-01, -1.530e+01, 3.013e+00, -1.530e+01
1.500e-02, 2.834e+00, -2.083e-05, 0.000e+00, -1.050e-02, -3.013e+00, 4.021e-01, -1.530e+01, 3.013e+00, -1.530e+01
1.550e-02, 2.830e+00, -2.130e-05, 0.000e+00, -1.050e-02, -3.013e+00, 4.021e-01, -1.530e+01, 3.013e+00, -1.530e+01
1.600e-02, 2.827e+00, -2.124e-05, 0.000e+00, -1.050e-02, -3.013e+00, 4.021e-01, -1.530e+01, 3.013e+00, -1.530e+01
1.650e-02, 2.823e+00, -2.067e-05, 0.000e+00, -1.050e-02, -3.013e+00, 4.020e-01, -1.530e+01, 3.013e+00, -1.530e+01
1.700e-02, 2.820e+00, -1.973e-05, 0.000e+00, -1.050e-02, -3.013e+00, 4.020e-01, -1.530e+01, 3.013e+00, -1.530e+01
1.750e-02, 2.817e+00, -1.844e-05, 0.000e+00, -1.050e-02, -3.013e+00, 4.020e-01, -1.530e+01, 3.013e+00, -1.530e+01
1.800e-02, 2.813e+00, -1.577e-05, 0.000e+00, -1.050e-02, -3.013e+00, 4.019e-01, -1.530e+01, 3.013e+00, -1.530e+01
1.850e-02, 2.810e+00, -1.360e-05, 0.000e+00, -1.050e-02, -3.013e+00, 4.019e-01, -1.530e+01, 3.013e+00, -1.530e+01
1.900e-02, 2.807e+00, -1.113e-05, 0.000e+00, -1.050e-02, -3.013e+00, 4.019e-01, -1.530e+01, 3.013e+00, -1.530e+01
1.950e-02, 2.803e+00, -8.393e-06, 0.000e+00, -1.050e-02, -3.013e+00, 4.019e-01, -1.530e+01, 3.013e+00, -1.530e+01
2.000e-02, 2.800e+00, -5.461e-06, 0.000e+00, -1.050e-02, -3.013e+00, 4.018e-01, -1.530e+01, 3.013e+00, -1.530e+01
2.050e-02, 2.797e+00, -2.395e-06, 0.000e+00, -1.050e-02, -3.013e+00, 4.018e-01, -1.530e+01, 3.013e+00, -1.530e+01
2.100e-02, 2.794e+00, 7.403e-07, 0.000e+00, -1.050e-02, -3.013e+00, 4.018e-01, -1.530e+01, 3.013e+00, -1.530e+01
2.150e-02, 2.790e+00, 3.878e-06, 0.000e+00, -1.050e-02, -3.013e+00, 4.017e-01, -1.530e+01, 3.013e+00, -1.530e+01
2.200e-02, 2.787e+00, 6.959e-06, 0.000e+00, -1.050e-02, -3.013e+00, 4.017e-01, -1.530e+01, 3.013e+00, -1.530e+01
2.250e-02, 2.784e+00, 9.912e-06, 0.000e+00, -1.050e-02, -3.013e+00, 4.017e-01, -1.530e+01, 3.013e+00, -1.530e+01
2.300e-02, 2.780e+00, 1.267e-05, 0.000e+00, -1.050e-02, -3.013e+00, 4.016e-01, -1.530e+01, 3.013e+00, -1.530e+01
2.350e-02, 2.777e+00, 1.518e-05, 0.000e+00, -1.050e-02, -3.013e+00, 4.016e-01, -1.530e+01, 3.013e+00, -1.530e+01
2.400e-02, 2.775e+00, 1.644e-05, 0.000e+00, -1.050e-02, -3.013e+00, 4.016e-01, -1.530e+01, 3.013e+00, -1.530e+01
2.450e-02, 2.771e+00, 1.843e-05, 0.000e+00, -1.050e-02, -3.013e+00, 4.015e-01, -1.530e+01, 3.013e+00, -1.530e+01
2.500e-02, 2.768e+00, 2.004e-05, 0.000e+00, -1.050e-02, -3.013e+00, 4.015e-01, -1.530e+01, 3.013e+00, -1.530e+01
2.550e-02, 2.764e+00, 2.122e-05, 0.000e+00, -1.050e-02, -3.013e+00, 4.014e-01, -1.530e+01, 3.013e+00, -1.530e+01
2.600e-02, 2.761e+00, 2.182e-05, 0.000e+00, -1.050e-02, -3.013e+00, 4.014e-01, -1.530e+01, 3.013e+00, -1.530e+01
2.650e-02, 2.758e+00, 2.202e-05, 0.000e+00, -1.050e-02, -3.013e+00, 4.014e-01, -1.530e+01, 3.013e+00, -1.530e+01
2.700e-02, 2.755e+00, 2.182e-05, 0.000e+00, -1.050e-02, -3.013e+00, 4.013e-01, -1.530e+01, 3.013e+00, -1.530e+01
2.750e-02, 2.751e+00, 2.121e-05, 0.000e+00, -1.050e-02, -3.013e+00, 4.013e-01, -1.530e+01, 3.013e+00, -1.530e+01
2.800e-02, 2.749e+00, 2.040e-05, 0.000e+00, -1.050e-02, -3.013e+00, 4.013e-01, -1.530e+01, 3.013e+00, -1.530e+01
2.850e-02, 2.746e+00, 1.928e-05, 0.000e+00, -1.050e-02, -3.013e+00, 4.013e-01, -1.530e+01, 3.013e+00, -1.530e+01
2.900e-02, 2.743e+00, 1.784e-05, 0.000e+00, -1.050e-02, -3.013e+00, 4.012e-01, -1.530e+01, 3.013e+00, -1.530e+01
2.950e-02, 2.740e+00, 1.613e-05, 0.000e+00, -1.050e-02, -3.013e+00, 4.012e-01, -1.530e+01, 3.013e+00, -1.530e+01
3.000e-02, 2.737e+00, 1.417e-05, 0.000e+00, -1.050e-02, -3.013e+00, 4.012e-01, -1.530e+01, 3.013e+00, -1.530e+01
3.050e-02, 2.734e+00, 1.200e-05, 0.000e+00, -1.050e-02, -3.013e+00, 4.011e-01, -1.530e+01, 3.013e+00, -1.530e+01
3.100e-02, 2.731e+00, 9.681e-06, 0.000e+00, -1.050e-02, -3.013e+00, 4.011e-01, -1.530e+01, 3.013e+00, -1.530e+01
3.150e-02, 2.726e+00, 6.120e-06, 0.000e+00, -1.050e-02, -3.013e+00, 4.011e-01, -1.530e+01, 3.013e+00, -1.530e+01
3.200e-02, 2.723e+00, 3.620e-06, 0.000e+00, -1.050e-02, -3.013e+00, 4.010e-01, -1.530e+01, 3.013e+00, -1.530e+01
3.250e-02, 2.721e+00, 2.244e-06, 0.000e+00, -1.050e-02, -3.013e+00, 4.010e-01, -1.530e+01, 3.013e+00, -1.530e+01
3.300e-02, 2.718e+00, -2.221e-07, 0.000e+00, -1.050e-02, -3.013e+00, 4.010e-01, -1.530e+01, 3.013e+00, -1.530e+01
3.350e-02, 2.715e+00, -2.601e-06, 0.000e+00, -1.050e-02, -3.013e+00, 4.009e-01, -1.530e+01, 3.013e+00, -1.530e+01
3.400e-02, 2.712e+00, -4.846e-06, 0.000e+00, -1.050e-02, -3.013e+00, 4.009e-01, -1.530e+01, 3.013e+00, -1.530e+01
3.450e-02, 2.709e+00, -6.913e-06, 0.000e+00, -1.050e-02, -3.013e+00, 4.009e-01, -1.530e+01, 3.013e+00, -1.530e+01
3.500e-02, 2.705e+00, -8.759e-06, 0.000e+00, -1.050e-02, -3.013e+00, 4.008e-01, -1.530e+01, 3.013e+00, -1.530e+01
3.550e-02, 2.702e+00, -1.035e-05, 0.000e+00, -1.050e-02, -3.013e+00, 4.008e-01, -1.530e+01, 3.013e+00, -1.530e+01
3.600e-02, 2.699e+00, -1.165e-05, 0.000e+00, -1.050e-02, -3.013e+00, 4.008e-01, -1.530e+01, 3.013e+00, -1.530e+01
3.650e-02, 2.695e+00, -1.262e-05, 0.000e+00, -1.050e-02, -3.013e+00, 4.007e-01, -1.530e+01, 3.013e+00, -1.530e+01
3.700e-02, 2.692e+00, -1.313e-05, 0.000e+00, -1.050e-02, -3.013e+00, 4.007e-01, -1.530e+01, 3.013e+00, -1.530e+01
3.750e-02, 2.689e+00, -1.331e-05, 0.000e+00, -1.050e-02, -3.013e+00, 4.006e-01, -1.530e+01, 3.013e+00, -1.530e+01
3.800e-02, 2.686e+00, -1.318e-05, 0.000e+00, -1.050e-02, -3.013e+00, 4.006e-01, -1.530e+01, 3.013e+00, -1.530e+01
3.850e-02, 2.683e+00, -1.274e-05, 0.000e+00, -1.050e-02, -3.013e+00, 4.006e-01, -1.530e+01, 3.013e+00, -1.530e+01
3.900e-02, 2.680e+00, -1.210e-05, 0.000e+00, -1.050e-02, -3.013e+00, 4.005e-01, -1.530e+01, 3.013e+00, -1.530e+01
3.950e-02, 2.678e+00, -1.126e-05, 0.000e+00, -1.050e-02, -3.013e+00, 4.005e-01, -1.530e+01, 3.013e+00, -1.530e+01
4.000e-02, 2.675e+00, -1.017e-05, 0.000e+00, -1.050e-02, -3.013e+00, 4.005e-01, -1.530e+01, 3.013e+00, -1.530e+01
4.050e-02, 2.672e+00, -8.859e-06, 0.000e+00, -1.050e-02, -3.013e+00, 4.004e-01, -1.530e+01, 3.013e+00, -1.530e+01
4.100e-02, 2.669e+00, -7.344e-06, 0.000e+00, -1.050e-02, -3.013e+00, 4.004e-01, -1.530e+01, 3.013e+00, -1.530e+01
4.150e-02, 2.666e+00, -5.658e-06, 0.000e+00, -1.050e-02, -3.013e+00, 4.004e-01, -1.530e+01, 3.013e+00, -1.530e+01
4.200e-02, 2.663e+00, -3.835e-06, 0.000e+00, -1.050e-02, -3.013e+00, 4.003e-01, -1.530e+01, 3.013e+00, -1.530e+01
4.250e-02, 2.660e+00, -1.910e-06, 0.000e+00, -1.050e-02, -3.013e+00, 4.003e-01, -1.530e+01, 3.013e+00, -1.530e+01
4.300e-02, 2.657e+00, 7.925e-08, 0.000e+00, -1.050e-02, -3.013e+00, 4.003e-01, -1.530e+01, 3.013e+00, -1.530e+01
4.350e-02, 2.654e+00, 2.095e-06, 0.000e+00, -1.050e-02, -3.013e+00, 4.002e-01, -1.530e+01, 3.013e+00, -1.530e+01
4.400e-02, 2.651e+00, 4.100e-06, 0.000e+00, -1.050e-02, -3.013e+00, 4.002e-01, -1.530e+01, 3.013e+00, -1.530e+01
4.450e-02, 2.648e+00, 6.055e-06, 0.000e+00, -1.050e-02, -3.013e+00, 4.002e-01, -1.530e+01, 3.013e+00, -1.530e+01
4.500e-02, 2.645e+00, 7.923e-06, 0.000e+00, -1.050e-02, -3.013e+00, 4.001e-01, -1.530e+01, 3.013e+00, -1.530e+01
4.550e-02, 2.642e+00, 9.670e-06, 0.000e+00, -1.050e-02, -3.013e+00, 4.001e-01, -1.530e+01, 3.013e+00, -1.530e+01
4.600e-02, 2.639e+00, 1.126e-05, 0.000e+00, -1.050e-02, -3.013e+00, 4.000e-01, -1.530e+01, 3.013e+00, -1.530e+01
4.650e-02, 2.636e+00, 1.267e-05, 0.000e+00, -1.050e-02, -3.013e+00, 4.000e-01, -1.530e+01, 3.013e+00, -1.530e+01
4.700e-02, 2.633e+00, 1.387e-05, 0.000e+00, -1.050e-02, -3.013e+00, 4.000e-01, -1.530e+01, 3.013e+00, -1.530e+01
4.750e-02, 2.630e+00, 1.483e-05, 0.000e+00, -1.050e-02, -3.013e+00, 3.999e-01, -1.530e+01, 3.013e+00, -1.530e+01
4.800e-02, 2.626e+00, 1.551e-05, 0.000e+00, -1.050e-02, -3.013e+00, 3.999e-01, -1.530e+01, 3.013e+00, -1.530e+01
4.850e-02, 2.624e+00, 1.582e-05, 0.000e+00, -1.050e-02, -3.013e+00, 3.998e-01, -1.530e+01, 3.013e+00, -1.530e+01
4.900e-02, 2.621e+00, 1.590e-05, 0.000e+00, -1.050e-02, -3.013e+00, 3.998e-01, -1.530e+01, 3.013e+00, -1.530e+01
4.950e-02, 2.618e+00, 1.573e-05, 0.000e+00, -1.050e-02, -3.013e+00, 3.998e-01, -1.530e+01, 3.013e+00, -1.530e+01
5.000e-02, 2.615e+00, 1.532e-05, 0.000e+00, -1.050e-02, -3.013e+00, 3.997e-01, -1.530e+01, 3.013e+00, -1.530e+01
5.050e-02, 2.612e+00, 1.480e-05, 0.000e+00, -1.050e-02, -3.013e+00, 3.997e-01, -1.530e+01, 3.013e+00, -1.530e+01
5.100e-02, 2.610e+00, 1.410e-05, 0.000e+00, -1.050e-02, -3.013e+00, 3.997e-01, -1.530e+01, 3.013e+00, -1.530e+01
5.150e-02, 2.607e+00, 1.321e-05, 0.000e+00, -1.050e-02, -3.013e+00, 3.996e-01, -1.530e+01, 3.013e+00, -1.530e+01
5.200e-02, 2.605e+00, 1.215e-05, 0.000e+00, -1.050e-02, -3.013e+00, 3.996e-01, -1.530e+01, 3.013e+00, -1.530e+01
5.250e-02, 2.602e+00, 1.094e-05, 0.000e+00, -1.050e-02, -3.013e+00, 3.996e-01, -1.530e+01, 3.013e+00, -1.530e+01
5.300e-02, 2.599e+00, 9.594e-06, 0.000e+00, -1.050e-02, -3.013e+00, 3.995e-01, -1.530e+01, 3.013e+00, -1.530e+01
5.350e-02, 2.596e+00, 8.144e-06, 0.000e+00, -1.050e-02, -3.013e+00, 3.995e-01, -1.530e+01, 3.013e+00, -1.530e+01
5.400e-02, 2.594e+00, 6.617e-06, 0.000e+00, -1.050e-02, -3.013e+00, 3.994e-01, -1.530e+01, 3.013e+00, -1.530e+01
5.450e-02, 2.591e+00, 5.039e-06, 0.000e+00, -1.050e-02, -3.013e+00, 3.994e-01, -1.530e+01, 3.013e+00, -1.530e+01
5.500e-02, 2.588e+00, 3.441e-06, 0.000e+00, -1.050e-02, -3.013e+00, 3.994e-01, -1.530e+01, 3.013e+00, -1.530e+01
5.550e-02, 2.585e+00, 1.851e-06, 0.000e+00, -1.050e-02, -3.013e+00, 3.993e-01, -1.530e+01, 3.013e+00, -1.530e+01
5.600e-02, 2.582e+00, 2.980e-07, 0.000e+00, -1.050e-02, -3.013e+00, 3.993e-01, -1.530e+01, 3.013e+00, -1.530e+01
5.650e-02, 2.579e+00, -1.190e-06, 0.000e+00, -1.050e-02, -3.013e+00, 3.993e-01, -1.530e+01, 3.013e+00, -1.530e+01
5.700e-02, 2.576e+00, -2.587e-06, 0.000e+00, -1.050e-02, -3.013e+00, 3.992e-01, -1.530e+01, 3.013e+00, -1.530e+01
5.750e-02, 2.574e+00, -3.868e-06, 0.000e+00, -1.050e-02, -3.013e+00, 3.992e-01, -1.530e+01, 3.013e+00, -1.530e+01
5.800e-02, 2.571e+00, -5.008e-06, 0.000e+00, -1.050e-02, -3.013e+00, 3.991e-01, -1.530e+01, 3.013e+00, -1.530e+01
5.850e-02, 2.568e+00, -5.988e-06, 0.000e+00, -1.050e-02, -3.013e+00, 3.991e-01, -1.530e+01, 3.013e+00, -1.530e+01
5.900e-02, 2.565e+00, -6.785e-06, 0.000e+00, -1.050e-02, -3.013e+00, 3.990e-01, -1.530e+01, 3.013e+00, -1.530e+01
5.950e-02, 2.564e+00, -6.979e-06, 0.000e+00, -1.050e-02, -3.013e+00, 3.990e-01, -1.530e+01, 3.013e+00, -1.530e+01
6.000e-02, 2.561e+00, -7.439e-06, 0.000e+00, -1.050e-02, -3.013e+00, 3.990e-01, -1.530e+01, 3.013e+00, -1.530e+01
6.050e-02, 2.558e+00, -7.701e-06, 0.000e+00, -1.050e-02, -3.013e+00, 3.990e-01, -1.530e+01, 3.013e+00, -1.530e+01
6.100e-02, 2.555e+00, -7.772e-06, 0.000e+00, -1.050e-02, -3.013e+00, 3.989e-01, -1.530e+01, 3.013e+00, -1.530e+01
6.150e-02, 2.553e+00, -7.653e-06, 0.000e+00, -1.050e-02, -3.013e+00, 3.989e-01, -1.530e+01, 3.013e+00, -1.530e+01
6.200e-02, 2.550e+00, -7.365e-06, 0.000e+00, -1.050e-02, -3.013e+00, 3.988e-01, -1.530e+01, 3.013e+00, -1.530e+01
6.250e-02, 2.545e+00, -6.480e-06, 0.000e+00, -1.050e-02, -3.013e+00, 3.988e-01, -1.530e+01, 3.013e+00, -1.530e+01
6.300e-02, 2.543e+00, -5.825e-06, 0.000e+00, -1.050e-02, -3.013e+00, 3.987e-01, -1.530e+01, 3.013e+00, -1.530e+01
6.350e-02, 2.540e+00, -5.030e-06, 0.000e+00, -1.050e-02, -3.013e+00, 3.987e-01, -1.530e+01, 3.013e+00, -1.530e+01
6.400e-02, 2.538e+00, -4.108e-06, 0.000e+00, -1.050e-02, -3.013e+00, 3.987e-01, -1.530e+01, 3.013e+00, -1.530e+01
6.450e-02, 2.535e+00, -3.076e-06, 0.000e+00, -1.050e-02, -3.013e+00, 3.986e-01, -1.530e+01, 3.013e+00, -1.530e+01
6.500e-02, 2.533e+00, -1.951e-06, 0.000e+00, -1.050e-02, -3.013e+00, 3.986e-01, -1.530e+01, 3.013e+00, -1.530e+01
6.550e-02, 2.530e+00, -7.529e-07, 0.000e+00, -1.050e-02, -3.013e+00, 3.985e-01, -1.530e+01, 3.013e+00, -1.530e+01
6.600e-02, 2.527e+00, 4.965e-07, 0.000e+00, -1.050e-02, -3.013e+00, 3.985e-01, -1.530e+01, 3.013e+00, -1.530e+01
6.650e-02, 2.525e+00, 1.776e-06, 0.000e+00, -1.050e-02, -3.013e+00, 3.985e-01, -1.530e+01, 3.013e+00, -1.530e+01
6.700e-02, 2.522e+00, 3.064e-06, 0.000e+00, -1.050e-02, -3.013e+00, 3.984e-01, -1.530e+01, 3.013e+00, -1.530e+01
6.750e-02, 2.519e+00, 4.337e-06, 0.000e+00, -1.050e-02, -3.013e+00, 3.984e-01, -1.530e+01, 3.013e+00, -1.530e+01
6.800e-02, 2.517e+00, 5.575e-06, 0.000e+00, -1.050e-02, -3.013e+00, 3.983e-01, -1.530e+01, 3.013e+00, -1.530e+01
6.850e-02, 2.514e+00, 6.755e-06, 0.000e+00, -1.050e-02, -3.013e+00, 3.983e-01, -1.530e+01, 3.013e+00, -1.530e+01
6.900e-02, 2.511e+00, 7.858e-06, 0.000e+00, -1.050e-02, -3.013e+00, 3.983e-01, -1.530e+01, 3.013e+00, -1.530e+01
6.950e-02, 2.508e+00, 8.865e-06, 0.000e+00, -1.050e-02, -3.013e+00, 3.982e-01, -1.530e+01, 3.013e+00, -1.530e+01
7.000e-02, 2.505e+00, 9.759e-06, 0.000e+00, -1.050e-02, -3.013e+00, 3.982e-01, -1.530e+01, 3.013e+00, -1.530e+01
7.050e-02, 2.503e+00, 1.052e-05, 0.000e+00, -1.050e-02, -3.013e+00, 3.981e-01, -1.530e+01, 3.013e+00, -1.530e+01
7.100e-02, 2.502e+00, 1.070e-05, 0.000e+00, -1.050e-02, -3.013e+00, 3.981e-01, -1.530e+01, 3.013e+00, -1.530e+01
7.150e-02, 2.499e+00, 1.126e-05, 0.000e+00, -1.050e-02, -3.013e+00, 3.981e-01, -1.530e+01, 3.013e+00, -1.530e+01
7.200e-02, 2.496e+00, 1.161e-05, 0.000e+00, -1.050e-02, -3.013e+00, 3.980e-01, -1.530e+01, 3.013e+00, -1.530e+01
7.250e-02, 2.494e+00, 1.182e-05, 0.000e+00, -1.050e-02, -3.013e+00, 3.980e-01, -1.530e+01, 3.013e+00, -1.530e+01
7.300e-02, 2.491e+00, 1.188e-05, 0.000e+00, -1.050e-02, -3.013e+00, 3.980e-01, -1.530e+01, 3.013e+00, -1.530e+01
7.350e-02, 2.488e+00, 1.178e-05, 0.000e+00, -1.050e-02, -3.013e+00, 3.979e-01, -1.530e+01, 3.013e+00, -1.530e+01
7.400e-02, 2.486e+00, 1.156e-05, 0.000e+00, -1.050e-02, -3.013e+00, 3.979e-01, -1.530e+01, 3.013e+00, -1.530e+01
7.450e-02, 2.484e+00, 1.124e-05, 0.000e+00, -1.050e-02, -3.013e+00, 3.978e-01, -1.530e+01, 3.013e+00, -1.530e+01
7.500e-02, 2.481e+00, 1.079e-05, 0.000e+00, -1.050e-02, -3.013e+00, 3.978e-01, -1.530e+01, 3.013e+00, -1.530e+01
7.550e-02, 2.477e+00, 9.715e-06, 0.000e+00, -1.050e-02, -3.013e+00, 3.977e-01, -1.530e+01, 3.013e+00, -1.530e+01
7.600e-02, 2.474e+00, 8.999e-06, 0.000e+00, -1.050e-02, -3.013e+00, 3.977e-01, -1.530e+01, 3.013e+00, -1.530e+01
7.650e-02, 2.472e+00, 8.197e-06, 0.000e+00, -1.050e-02, -3.013e+00, 3.977e-01, -1.530e+01, 3.013e+00, -1.530e+01
7.700e-02, 2.469e+00, 7.321e-06, 0.000e+00, -1.050e-02, -3.013e+00, 3.976e-01, -1.530e+01, 3.013e+00, -1.530e+01
7.750e-02, 2.467e+00, 6.386e-06, 0.000e+00, -1.050e-02, -3.013e+00, 3.976e-01, -1.530e+01, 3.013e+00, -1.530e+01
7.800e-02, 2.464e+00, 5.409e-06, 0.000e+00, -1.050e-02, -3.013e+00, 3.975e-01, -1.530e+01, 3.013e+00, -1.530e+01
7.850e-02, 2.462e+00, 4.405e-06, 0.000e+00, -1.050e-02, -3.013e+00, 3.975e-01, -1.530e+01, 3.013e+00, -1.530e+01
7.900e-02, 2.459e+00, 3.392e-06, 0.000e+00, -1.050e-02, -3.013e+00, 3.975e-01, -1.530e+01, 3.013e+00, -1.530e+01
7.950e-02, 2.456e+00, 2.386e-06, 0.000e+00, -1.050e-02, -3.013e+00, 3.974e-01, -1.530e+01, 3.013e+00, -1.530e+01
8.000e-02, 2.454e+00, 1.403e-06, 0.000e+00, -1.050e-02, -3.013e+00, 3.974e-01, -1.530e+01, 3.013e+00, -1.530e+01
8.050e-02, 2.451e+00, 4.602e-07, 0.000e+00, -1.050e-02, -3.013e+00, 3.973e-01, -1.530e+01, 3.013e+00, -1.530e+01
8.100e-02, 2.449e+00, -4.275e-07, 0.000e+00, -1.050e-02, -3.013e+00, 3.973e-01, -1.530e+01, 3.013e+00, -1.530e+01
8.150e-02, 2.446e+00, -1.245e-06, 0.000e+00, -1.050e-02, -3.013e+00, 3.972e-01, -1.530e+01, 3.013e+00, -1.530e+01
8.200e-02, 2.445e+00, -1.448e-06, 0.000e+00, -1.050e-02, -3.013e+00, 3.972e-01, -1.530e+01, 3.013e+00, -1.530e+01
8.250e-02, 2.443e+00, -2.141e-06, 0.000e+00, -1.050e-02, -3.013e+00, 3.972e-01, -1.530e+01, 3.013e+00, -1.530e+01
8.300e-02, 2.440e+00, -2.737e-06, 0.000e+00, -1.050e-02, -3.013e+00, 3.971e-01, -1.530e+01, 3.013e+00, -1.530e+01
8.350e-02, 2.437e+00, -3.225e-06, 0.000e+00, -1.050e-02, -3.013e+00, 3.971e-01, -1.530e+01, 3.013e+00, -1.530e+01
8.400e-02, 2.434e+00, -3.581e-06, 0.000e+00, -1.050e-02, -3.013e+00, 3.971e-01, -1.530e+01, 3.013e+00, -1.530e+01
8.450e-02, 2.432e+00, -3.792e-06, 0.000e+00, -1.050e-02, -3.013e+00, 3.970e-01, -1.530e+01, 3.013e+00, -1.530e+01
8.500e-02, 2.429e+00, -3.888e-06, 0.000e+00, -1.050e-02, -3.013e+00, 3.970e-01, -1.530e+01, 3.013e+00, -1.530e+01
8.550e-02, 2.427e+00, -3.870e-06, 0.000e+00, -1.050e-02, -3.013e+00, 3.969e-01, -1.530e+01, 3.013e+00, -1.530e+01
8.600e-02, 2.424e+00, -3.737e-06, 0.000e+00, -1.050e-02, -3.013e+00, 3.969e-01, -1.530e+01, 3.013e+00, -1.530e+01
8.650e-02, 2.422e+00, -3.519e-06, 0.000e+00, -1.050e-02, -3.013e+00, 3.969e-01, -1.530e+01, 3.013e+00, -1.530e+01
8.700e-02, 2.420e+00, -3.215e-06, 0.000e+00, -1.050e-02, -3.013e+00, 3.968e-01, -1.530e+01, 3.013e+00, -1.530e+01
8.750e-02, 2.417e+00, -2.818e-06, 0.000e+00, -1.050e-02, -3.013e+00, 3.968e-01, -1.530e+01, 3.013e+00, -1.530e+01
8.800e-02, 2.415e+00, -2.333e-06, 0.000e+00, -1.050e-02, -3.013e+00, 3.967e-01, -1.530e+01, 3.013e+00, -1.530e+01
8.850e-02, 2.413e+00, -1.768e-06, 0.000e+00, -1.050e-02, -3.013e+00, 3.967e-01, -1.530e+01, 3.013e+00, -1.530e+01
8.900e-02, 2.410e+00, -1.133e-06, 0.000e+00, -1.050e-02, -3.013e+00, 3.967e-01, -1.530e+01, 3.013e+00, -1.530e+01
8.950e-02, 2.408e+00, -4.371e-07, 0.000e+00, -1.050e-02, -3.013e+00, 3.966e-01, -1.530e+01, 3.013e+00, -1.530e+01
9.000e-02, 2.405e+00, 3.078e-07, 0.000e+00, -1.050e-02, -3.013e+00, 3.966e-01, -1.530e+01, 3.013e+00, -1.530e+01
9.050e-02, 2.403e+00, 1.090e-06, 0.000e+00, -1.050e-02, -3.013e+00, 3.965e-01, -1.530e+01, 3.013e+00, -1.530e+01
9.100e-02, 2.400e+00, 1.897e-06, 0.000e+00, -1.050e-02, -3.013e+00, 3.965e-01, -1.530e+01, 3.013e+00, -1.530e+01
9.150e-02, 2.398e+00, 2.716e-06, 0.000e+00, -1.050e-02, -3.013e+00, 3.964e-01, -1.530e+01, 3.013e+00, -1.530e+01
9.200e-02, 2.395e+00, 3.534e-06, 0.000e+00, -1.050e-02, -3.013e+00, 3.964e-01, -1.530e+01, 3.013e+00, -1.530e+01
9.250e-02, 2.393e+00, 4.340e-06, 0.000e+00, -1.050e-02, -3.013e+00, 3.964e-01, -1.530e+01, 3.013e+00, -1.530e+01
9.300e-02, 2.390e+00, 5.120e-06, 0.000e+00, -1.050e-02, -3.013e+00, 3.963e-01, -1.530e+01, 3.013e+00, -1.530e+01
9.350e-02, 2.388e+00, 5.863e-06, 0.000e+00, -1.050e-02, -3.013e+00, 3.963e-01, -1.530e+01, 3.013e+00, -1.530e+01
9.400e-02, 2.385e+00, 6.559e-06, 0.000e+00, -1.050e-02, -3.013e+00, 3.962e-01, -1.530e+01, 3.013e+00, -1.530e+01
9.450e-02, 2.383e+00, 7.197e-06, 0.000e+00, -1.050e-02, -3.013e+00, 3.962e-01, -1.530e+01, 3.013e+00, -1.530e+01
9.500e-02, 2.380e+00, 7.768e-06, 0.000e+00, -1.050e-02, -3.013e+00, 3.961e-01, -1.530e+01, 3.013e+00, -1.530e+01
9.550e-02, 2.378e+00, 8.264e-06, 0.000e+00, -1.050e-02, -3.013e+00, 3.961e-01, -1.530e+01, 3.013e+00, -1.530e+01
9.600e-02, 2.375e+00, 8.678e-06, 0.000e+00, -1.050e-02, -3.013e+00, 3.960e-01, -1.530e+01, 3.013e+00, -1.530e+01
9.650e-02, 2.373e+00, 8.996e-06, 0.000e+00, -1.050e-02, -3.013e+00, 3.960e-01, -1.530e+01, 3.013e+00, -1.530e+01
9.700e-02, 2.370e+00, 9.189e-06, 0.000e+00, -1.050e-02, -3.013e+00, 3.960e-01, -1.530e+01, 3.013e+00, -1.530e+01
9.750e-02, 2.368e+00, 9.293e-06, 0.000e+00, -1.050e-02, -3.013e+00, 3.959e-01, -1.530e+01, 3.013e+00, -1.530e+01
9.800e-02, 2.365e+00, 9.309e-06, 0.000e+00, -1.050e-02, -3.013e+00, 3.959e-01, -1.530e+01, 3.013e+00, -1.530e+01
9.850e-02, 2.363e+00, 9.236e-06, 0.000e+00, -1.050e-02, -3.013e+00, 3.958e-01, -1.530e+01, 3.013e+00, -1.530e+01
9.900e-02, 2.361e+00, 9.086e-06, 0.000e+00, -1.050e-02, -3.013e+00, 3.958e-01, -1.530e+01, 3.013e+00, -1.530e+01
9.950e-02, 2.358e+00, 8.879e-06, 0.000e+00, -1.050e-02, -3.013e+00, 3.958e-01, -1.530e+01, 3.013e+00, -1.530e+01
1.000e-01, 2.356e+00, 8.598e-06, 0.000e+00, -1.050e-02, -3.013e+00, 3.957e-01, -1.530e+01, 3.013e+00, -1.530e+01
1.005e-01, 2.354e+00, 8.249e-06, 0.000e+00, -1.050e-02, -3.013e+00, 3.957e-01, -1.530e+01, 3.013e+00, -1.530e+01
1.010e-01, 2.352e+00, 7.835e-06, 0.000e+00, -1.050e-02, -3.013e+00, 3.956e-01, -1.530e+01, 3.013e+00, -1.530e+01
1.015e-01, 2.349e+00, 7.364e-06, 0.000e+00, -1.050e-02, -3.013e+00, 3.956e-01, -1.530e+01, 3.013e+00, -1.530e+01
1.020e-01, 2.347e+00, 6.843e-06, 0.000e+00, -1.050e-02, -3.013e+00, 3.955e-01, -1.530e+01, 3.013e+00, -1.530e+01
1.025e-01, 2.345e+00, 6.279e-06, 0.000e+00, -1.050e-02, -3.013e+00, 3.955e-01, -1.530e+01, 3.013e+00, -1.530e+01
1.030e-01, 2.342e+00, 5.683e-06, 0.000e+00, -1.050e-02, -3.013e+00, 3.955e-01, -1.530e+01, 3.013e+00, -1.530e+01
1.035e-01, 2.340e+00, 5.062e-06, 0.000e+00, -1.050e-02, -3.013e+00, 3.954e-01, -1.530e+01, 3.013e+00, -1.530e+01
1.040e-01, 2.337e+00, 4.427e-06, 0.000e+00, -1.050e-02, -3.013e+00, 3.954e-01, -1.530e+01, 3.013e+00, -1.530e+01
1.045e-01, 2.335e+00, 3.788e-06, 0.000e+00, -1.050e-02, -3.013e+00, 3.953e-01, -1.530e+01, 3.013e+00, -1.530e+01
1.050e-01, 2.333e+00, 3.152e-06, 0.000e+00, -1.050e-02, -3.013e+00, 3.953e-01, -1.530e+01, 3.013e+00, -1.530e+01
1.055e-01, 2.330e+00, 2.531e-06, 0.000e+00, -1.050e-02, -3.013e+00, 3.952e-01, -1.530e+01, 3.013e+00, -1.530e+01
1.060e-01, 2.328e+00, 1.933e-06, 0.000e+00, -1.050e-02, -3.013e+00, 3.952e-01, -1.530e+01, 3.013e+00, -1.530e+01
1.065e-01, 2.326e+00, 1.366e-06, 0.000e+00, -1.050e-02, -3.013e+00, 3.951e-01, -1.530e+01, 3.013e+00, -1.530e+01
1.070e-01, 2.323e+00, 8.389e-07, 0.000e+00, -1.050e-02, -3.013e+00, 3.951e-01, -1.530e+01, 3.013e+00, -1.530e+01
1.075e-01, 2.321e+00, 3.588e-07, 0.000e+00, -1.050e-02, -3.013e+00, 3.951e-01, -1.530e+01, 3.013e+00, -1.530e+01
1.080e-01, 2.318e+00, -6.736e-08, 0.000e+00, -1.050e-02, -3.013e+00, 3.950e-01, -1.530e+01, 3.013e+00, -1.530e+01
1.085e-01, 2.316e+00, -4.335e-07, 0.000e+00, -1.050e-02, -3.013e+00, 3.950e-01, -1.530e+01, 3.013e+00, -1.530e+01
1.090e-01, 2.313e+00, -7.340e-07, 0.000e+00, -1.050e-02, -3.013e+00, 3.949e-01, -1.530e+01, 3.013e+00, -1.530e+01
1.095e-01, 2.311e+00, -9.541e-07, 0.000e+00, -1.050e-02, -3.013e+00, 3.949e-01, -1.530e+01, 3.013e+00, -1.530e+01
1.100e-01, 2.308e+00, -1.080e-06, 0.000e+00, -1.050e-02, -3.013e+00, 3.948e-01, -1.530e+01, 3.013e+00, -1.530e+01
1.105e-01, 2.306e+00, -1.139e-06, 0.000e+00, -1.050e-02, -3.013e+00, 3.948e-01, -1.530e+01, 3.013e+00, -1.530e+01
1.110e-01, 2.304e+00, -1.128e-06, 0.000e+00, -1.050e-02, -3.013e+00, 3.947e-01, -1.530e+01, 3.013e+00, -1.530e+01
1.115e-01, 2.301e+00, -1.048e-06, 0.000e+00, -1.050e-02, -3.013e+00, 3.947e-01, -1.530e+01, 3.013e+00, -1.530e+01
1.120e-01, 2.299e+00, -9.109e-07, 0.000e+00, -1.050e-02, -3.013e+00, 3.946e-01, -1.530e+01, 3.013e+00, -1.530e+01
1.125e-01, 2.297e+00, -7.323e-07, 0.000e+00, -1.050e-02, -3.013e+00, 3.946e-01, -1.530e+01, 3.013e+00, -1.530e+01
1.130e-01, 2.295e+00, -4.970e-07, 0.000e+00, -1.050e-02, -3.013e+00, 3.946e-01, -1.530e+01, 3.013e+00, -1.530e+01
1.135e-01, 2.293e+00, -2.077e-07, 0.000e+00, -1.050e-02, -3.013e+00, 3.945e-01, -1.530e+01, 3.013e+00, -1.530e+01
1.140e-01, 2.291e+00, 1.314e-07, 0.000e+00, -1.050e-02, -3.013e+00, 3.945e-01, -1.530e+01, 3.013e+00, -1.530e+01
1.145e-01, 2.288e+00, 5.157e-07, 0.000e+00, -1.050e-02, -3.013e+00, 3.944e-01, -1.530e+01, 3.013e+00, -1.530e+01
1.150e-01, 2.286e+00, 9.395e-07, 0.000e+00, -1.050e-02, -3.013e+00, 3.944e-01, -1.530e+01, 3.013e+00, -1.530e+01
1.155e-01, 2.284e+00, 1.397e-06, 0.000e+00, -1.050e-02, -3.013e+00, 3.944e-01, -1.530e+01, 3.013e+00, -1.530e+01
1.160e-01, 2.282e+00, 1.881e-06, 0.000e+00, -1.050e-02, -3.013e+00, 3.943e-01, -1.530e+01, 3.013e+00, -1.530e+01
1.165e-01, 2.279e+00, 2.385e-06, 0.000e+00, -1.050e-02, -3.013e+00, 3.943e-01, -1.530e+01, 3.013e+00, -1.530e+01
1.170e-01, 2.277e+00, 2.902e-06, 0.000e+00, -1.050e-02, -3.013e+00, 3.942e-01, -1.530e+01, 3.013e+00, -1.530e+01
1.175e-01, 2.275e+00, 3.424e-06, 0.000e+00, -1.050e-02, -3.013e+00, 3.942e-01, -1.530e+01, 3.013e+00, -1.530e+01
1.180e-01, 2.273e+00, 3.945e-06, 0.000e+00, -1.050e-02, -3.013e+00, 3.941e-01, -1.530e+01, 3.013e+00, -1.530e+01
1.185e-01, 2.270e+00, 4.457e-06, 0.000e+00, -1.050e-02, -3.013e+00, 3.941e-01, -1.530e+01, 3.013e+00, -1.530e+01
1.190e-01, 2.268e+00, 4.954e-06, 0.000e+00, -1.050e-02, -3.013e+00, 3.940e-01, -1.530e+01, 3.013e+00, -1.530e+01
1.195e-01, 2.266e+00, 5.428e-06, 0.000e+00, -1.050e-02, -3.013e+00, 3.940e-01, -1.530e+01, 3.013e+00, -1.530e+01
1.200e-01, 2.263e+00, 5.874e-06, 0.000e+00, -1.050e-02, -3.013e+00, 3.940e-01, -1.530e+01, 3.013e+00, -1.530e+01
1.205e-01, 2.261e+00, 6.285e-06, 0.000e+00, -1.050e-02, -3.013e+00, 3.939e-01, -1.530e+01, 3.013e+00, -1.530e+01
1.210e-01, 2.259e+00, 6.657e-06, 0.000e+00, -1.050e-02, -3.013e+00, 3.939e-01, -1.530e+01, 3.013e+00, -1.530e+01
1.215e-01, 2.256e+00, 6.985e-06, 0.000e+00, -1.050e-02, -3.013e+00, 3.938e-01, -1.530e+01, 3.013e+00, -1.530e+01
1.220e-01, 2.254e+00, 7.263e-06, 0.000e+00, -1.050e-02, -3.013e+00, 3.938e-01, -1.530e+01, 3.013e+00, -1.530e+01
1.225e-01, 2.251e+00, 7.489e-06, 0.000e+00, -1.050e-02, -3.013e+00, 3.937e-01, -1.530e+01, 3.013e+00, -1.530e+01
1.230e-01, 2.249e+00, 7.637e-06, 0.000e+00, -1.050e-02, -3.013e+00, 3.937e-01, -1.530e+01, 3.013e+00, -1.530e+01
1.235e-01, 2.247e+00, 7.725e-06, 0.000e+00, -1.050e-02, -3.013e+00, 3.936e-01, -1.530e+01, 3.013e+00, -1.530e+01
1.240e-01, 2.245e+00, 7.759e-06, 0.000e+00, -1.050e-02, -3.013e+00, 3.936e-01, -1.530e+01, 3.013e+00, -1.530e+01
1.245e-01, 2.242e+00, 7.739e-06, 0.000e+00, -1.050e-02, -3.013e+00, 3.935e-01, -1.530e+01, 3.013e+00, -1.530e+01
1.250e-01, 2.240e+00, 7.667e-06, 0.000e+00, -1.050e-02, -3.013e+00, 3.935e-01, -1.530e+01, 3.013e+00, -1.530e+01
1.255e-01, 2.238e+00, 7.559e-06, 0.000e+00, -1.050e-02, -3.013e+00, 3.934e-01, -1.530e+01, 3.013e+00, -1.530e+01
1.260e-01, 2.236e+00, 7.415e-06, 0.000e+00, -1.050e-02, -3.013e+00, 3.934e-01, -1.530e+01, 3.013e+00, -1.530e+01
1.265e-01, 2.234e+00, 7.228e-06, 0.000e+00, -1.050e-02, -3.013e+00, 3.934e-01, -1.530e+01, 3.013e+00, -1.530e+01
1.270e-01, 2.232e+00, 7.000e-06, 0.000e+00, -1.050e-02, -3.013e+00, 3.933e-01, -1.530e+01, 3.013e+00, -1.530e+01
1.275e-01, 2.230e+00, 6.735e-06, 0.000e+00, -1.050e-02, -3.013e+00, 3.933e-01, -1.530e+01, 3.013e+00, -1.530e+01
1.280e-01, 2.228e+00, 6.436e-06, 0.000e+00, -1.050e-02, -3.013e+00, 3.932e-01, -1.530e+01, 3.013e+00, -1.530e+01
1.285e-01, 2.226e+00, 6.107e-06, 0.000e+00, -1.050e-02, -3.013e+00, 3.932e-01, -1.530e+01, 3.013e+00, -1.530e+01
1.290e-01, 2.223e+00, 5.754e-06, 0.000e+00, -1.050e-02, -3.013e+00, 3.931e-01, -1.530e+01, 3.013e+00, -1.530e+01
1.295e-01, 2.221e+00, 5.381e-06, 0.000e+00, -1.050e-02, -3.013e+00, 3.931e-01, -1.530e+01, 3.013e+00, -1.530e+01
1.300e-01, 2.219e+00, 4.993e-06, 0.000e+00, -1.050e-02, -3.013e+00, 3.931e-01, -1.530e+01, 3.013e+00, -1.530e+01
1.305e-01, 2.217e+00, 4.596e-06, 0.000e+00, -1.050e-02, -3.013e+00, 3.930e-01, -1.530e+01, 3.013e+00, -1.530e+01
1.310e-01, 2.215e+00, 4.195e-06, 0.000e+00, -1.050e-02, -3.013e+00, 3.930e-01, -1.530e+01, 3.013e+00, -1.530e+01
1.315e-01, 2.213e+00, 3.796e-06, 0.000e+00, -1.050e-02, -3.013e+00, 3.929e-01, -1.530e+01, 3.013e+00, -1.530e+01
1.320e-01, 2.210e+00, 3.403e-06, 0.000e+00, -1.050e-02, -3.013e+00, 3.929e-01, -1.530e+01, 3.013e+00, -1.530e+01
1.325e-01, 2.208e+00, 3.023e-06, 0.000e+00, -1.050e-02, -3.013e+00, 3.928e-01, -1.530e+01, 3.013e+00, -1.530e+01
1.330e-01, 2.206e+00, 2.659e-06, 0.000e+00, -1.050e-02, -3.013e+00, 3.928e-01, -1.530e+01, 3.013e+00, -1.530e+01
1.335e-01, 2.204e+00, 2.318e-06, 0.000e+00, -1.050e-02, -3.013e+00, 3.927e-01, -1.530e+01, 3.013e+00, -1.530e+01
1.340e-01, 2.201e+00, 2.003e-06, 0.000e+00, -1.050e-02, -3.013e+00, 3.927e-01, -1.530e+01, 3.013e+00, -1.530e+01
1.345e-01, 2.199e+00, 1.718e-06, 0.000e+00, -1.050e-02, -3.013e+00, 3.926e-01, -1.530e+01, 3.013e+00, -1.530e+01
1.350e-01, 2.197e+00, 1.467e-06, 0.000e+00, -1.050e-02, -3.013e+00, 3.926e-01, -1.530e+01, 3.013e+00, -1.530e+01
1.355e-01, 2.195e+00, 1.255e-06, 0.000e+00, -1.050e-02, -3.013e+00, 3.925e-01, -1.530e+01, 3.013e+00, -1.530e+01
1.360e-01, 2.192e+00, 1.083e-06, 0.000e+00, -1.050e-02, -3.013e+00, 3.925e-01, -1.530e+01, 3.013e+00, -1.530e+01
1.365e-01, 2.190e+00, 9.652e-07, 0.000e+00, -1.050e-02, -3.013e+00, 3.924e-01, -1.530e+01, 3.013e+00, -1.530e+01
1.370e-01, 2.188e+00, 9.018e-07, 0.000e+00, -1.050e-02, -3.013e+00, 3.924e-01, -1.530e+01, 3.013e+00, -1.530e+01
1.375e-01, 2.186e+00, 8.792e-07, 0.000e+00, -1.050e-02, -3.013e+00, 3.923e-01, -1.530e+01, 3.013e+00, -1.530e+01
1.380e-01, 2.183e+00, 8.981e-07, 0.000e+00, -1.050e-02, -3.013e+00, 3.923e-01, -1.530e+01, 3.013e+00, -1.530e+01
1.385e-01, 2.181e+00, 9.583e-07, 0.000e+00, -1.050e-02, -3.013e+00, 3.922e-01, -1.530e+01, 3.013e+00, -1.530e+01
1.390e-01, 2.179e+00, 1.053e-06, 0.000e+00, -1.050e-02, -3.013e+00, 3.922e-01, -1.530e+01, 3.013e+00, -1.530e+01
1.395e-01, 2.177e+00, 1.167e-06, 0.000e+00, -1.050e-02, -3.013e+00, 3.922e-01, -1.530e+01, 3.013e+00, -1.530e+01
1.400e-01, 2.175e+00, 1.314e-06, 0.000e+00, -1.050e-02, -3.013e+00, 3.921e-01, -1.530e+01, 3.013e+00, -1.530e+01
1.405e-01, 2.174e+00, 1.495e-06, 0.000e+00, -1.050e-02, -3.013e+00, 3.921e-01, -1.530e+01, 3.013e+00, -1.530e+01
1.410e-01, 2.172e+00, 1.705e-06, 0.000e+00, -1.050e-02, -3.013e+00, 3.920e-01, -1.530e+01, 3.013e+00, -1.530e+01
1.415e-01, 2.169e+00, 1.943e-06, 0.000e+00, -1.050e-02, -3.013e+00, 3.920e-01, -1.530e+01, 3.013e+00, -1.530e+01
1.420e-01, 2.167e+00, 2.206e-06, 0.000e+00, -1.050e-02, -3.013e+00, 3.919e-01, -1.530e+01, 3.013e+00, -1.530e+01
1.425e-01, 2.165e+00, 2.490e-06, 0.000e+00, -1.050e-02, -3.013e+00, 3.919e-01, -1.530e+01, 3.013e+00, -1.530e+01
1.430e-01, 2.163e+00, 2.792e-06, 0.000e+00, -1.050e-02, -3.013e+00, 3.919e-01, -1.530e+01, 3.013e+00, -1.530e+01
1.435e-01, 2.161e+00, 3.107e-06, 0.000e+00, -1.050e-02, -3.013e+00, 3.918e-01, -1.530e+01, 3.013e+00, -1.530e+01
1.440e-01, 2.159e+00, 3.433e-06, 0.000e+00, -1.050e-02, -3.013e+00, 3.918e-01, -1.530e+01, 3.013e+00, -1.530e+01
1.445e-01, 2.157e+00, 3.764e-06, 0.000e+00, -1.050e-02, -3.013e+00, 3.917e-01, -1.530e+01, 3.013e+00, -1.530e+01
1.450e-01, 2.155e+00, 4.097e-06, 0.000e+00, -1.050e-02, -3.013e+00, 3.917e-01, -1.530e+01, 3.013e+00, -1.530e+01
1.455e-01, 2.153e+00, 4.427e-06, 0.000e+00, -1.050e-02, -3.013e+00, 3.916e-01, -1.530e+01, 3.013e+00, -1.530e+01
1.460e-01, 2.151e+00, 4.751e-06, 0.000e+00, -1.050e-02, -3.013e+00, 3.916e-01, -1.530e+01, 3.013e+00, -1.530e+01
1.465e-01, 2.149e+00, 5.065e-06, 0.000e+00, -1.050e-02, -3.013e+00, 3.915e-01, -1.530e+01, 3.013e+00, -1.530e+01
1.470e-01, 2.147e+00, 5.365e-06, 0.000e+00, -1.050e-02, -3.013e+00, 3.915e-01, -1.530e+01, 3.013e+00, -1.530e+01
1.475e-01, 2.144e+00, 5.648e-06, 0.000e+00, -1.050e-02, -3.013e+00, 3.914e-01, -1.530e+01, 3.013e+00, -1.530e+01
1.480e-01, 2.142e+00, 5.909e-06, 0.000e+00, -1.050e-02, -3.013e+00, 3.914e-01, -1.530e+01, 3.013e+00, -1.530e+01
1.485e-01, 2.140e+00, 6.147e-06, 0.000e+00, -1.050e-02, -3.013e+00, 3.914e-01, -1.530e+01, 3.013e+00, -1.530e+01
1.490e-01, 2.138e+00, 6.358e-06, 0.000e+00, -1.050e-02, -3.013e+00, 3.913e-01, -1.530e+01, 3.013e+00, -1.530e+01
1.495e-01, 2.136e+00, 6.541e-06, 0.000e+00, -1.050e-02, -3.013e+00, 3.913e-01, -1.530e+01, 3.013e+00, -1.530e+01
1.500e-01, 2.133e+00, 6.691e-06, 0.000e+00, -1.050e-02, -3.013e+00, 3.912e-01, -1.530e+01, 3.013e+00, -1.530e+01
1.505e-01, 2.131e+00, 6.799e-06, 0.000e+00, -1.050e-02, -3.013e+00, 3.911e-01, -1.530e+01, 3.013e+00, -1.530e+01
1.510e-01, 2.129e+00, 6.862e-06, 0.000e+00, -1.050e-02, -3.013e+00, 3.911e-01, -1.530e+01, 3.013e+00, -1.530e+01
1.515e-01, 2.127e+00, 6.893e-06, 0.000e+00, -1.050e-02, -3.013e+00, 3.911e-01, -1.530e+01, 3.013e+00, -1.530e+01
1.520e-01, 2.125e+00, 6.893e-06, 0.000e+00, -1.050e-02, -3.013e+00, 3.910e-01, -1.530e+01, 3.013e+00, -1.530e+01
1.525e-01, 2.123e+00, 6.861e-06, 0.000e+00, -1.050e-02, -3.013e+00, 3.910e-01, -1.530e+01, 3.013e+00, -1.530e+01
1.530e-01, 2.121e+00, 6.799e-06, 0.000e+00, -1.050e-02, -3.013e+00, 3.909e-01, -1.530e+01, 3.013e+00, -1.530e+01
1.535e-01, 2.119e+00, 6.725e-06, 0.000e+00, -1.050e-02, -3.013e+00, 3.909e-01, -1.530e+01, 3.013e+00, -1.530e+01
1.540e-01, 2.117e+00, 6.625e-06, 0.000e+00, -1.050e-02, -3.013e+00, 3.908e-01, -1.530e+01, 3.013e+00, -1.530e+01
1.545e-01, 2.116e+00, 6.501e-06, 0.000e+00, -1.050e-02, -3.013e+00, 3.908e-01, -1.530e+01, 3.013e+00, -1.530e+01
1.550e-01, 2.114e+00, 6.353e-06, 0.000e+00, -1.050e-02, -3.013e+00, 3.908e-01, -1.530e+01, 3.013e+00, -1.530e+01
1.555e-01, 2.112e+00, 6.184e-06, 0.000e+00, -1.050e-02, -3.013e+00, 3.907e-01, -1.530e+01, 3.013e+00, -1.530e+01
1.560e-01, 2.110e+00, 5.995e-06, 0.000e+00, -1.050e-02, -3.013e+00, 3.907e-01, -1.530e+01, 3.013e+00, -1.530e+01
1.565e-01, 2.108e+00, 5.790e-06, 0.000e+00, -1.050e-02, -3.013e+00, 3.906e-01, -1.530e+01, 3.013e+00, -1.530e+01
1.570e-01, 2.106e+00, 5.570e-06, 0.000e+00, -1.050e-02, -3.013e+00, 3.906e-01, -1.530e+01, 3.013e+00, -1.530e+01
1.575e-01, 2.104e+00, 5.338e-06, 0.000e+00, -1.050e-02, -3.013e+00, 3.905e-01, -1.530e+01, 3.013e+00, -1.530e+01
1.580e-01, 2.102e+00, 5.098e-06, 0.000e+00, -1.050e-02, -3.013e+00, 3.905e-01, -1.530e+01, 3.013e+00, -1.530e+01
1.585e-01, 2.100e+00, 4.853e-06, 0.000e+00, -1.050e-02, -3.013e+00, 3.904e-01, -1.530e+01, 3.013e+00, -1.530e+01
1.590e-01, 2.098e+00, 4.604e-06, 0.000e+00, -1.050e-02, -3.013e+00, 3.904e-01, -1.530e+01, 3.013e+00, -1.530e+01
1.595e-01, 2.096e+00, 4.357e-06, 0.000e+00, -1.050e-02, -3.013e+00, 3.903e-01, -1.530e+01, 3.013e+00, -1.530e+01
1.600e-01, 2.094e+00, 4.113e-06, 0.000e+00, -1.050e-02, -3.013e+00, 3.903e-01, -1.530e+01, 3.013e+00, -1.530e+01
1.605e-01, 2.092e+00, 3.875e-06, 0.000e+00, -1.050e-02, -3.013e+00, 3.902e-01, -1.530e+01, 3.013e+00, -1.530e+01
1.610e-01, 2.090e+00, 3.647e-06, 0.000e+00, -1.050e-02, -3.013e+00, 3.902e-01, -1.530e+01, 3.013e+00, -1.530e+01
1.615e-01, 2.088e+00, 3.431e-06, 0.000e+00, -1.050e-02, -3.013e+00, 3.901e-01, -1.530e+01, 3.013e+00, -1.530e+01
1.620e-01, 2.086e+00, 3.230e-06, 0.000e+00, -1.050e-02, -3.013e+00, 3.901e-01, -1.530e+01, 3.013e+00, -1.530e+01
1.625e-01, 2.084e+00, 3.046e-06, 0.000e+00, -1.050e-02, -3.013e+00, 3.901e-01, -1.530e+01, 3.013e+00, -1.530e+01
1.630e-01, 2.082e+00, 2.881e-06, 0.000e+00, -1.050e-02, -3.013e+00, 3.900e-01, -1.530e+01, 3.013e+00, -1.530e+01
1.635e-01, 2.079e+00, 2.738e-06, 0.000e+00, -1.050e-02, -3.013e+00, 3.900e-01, -1.530e+01, 3.013e+00, -1.530e+01
1.640e-01, 2.077e+00, 2.619e-06, 0.000e+00, -1.050e-02, -3.013e+00, 3.899e-01, -1.530e+01, 3.013e+00, -1.530e+01
1.645e-01, 2.075e+00, 2.525e-06, 0.000e+00, -1.050e-02, -3.013e+00, 3.898e-01, -1.530e+01, 3.013e+00, -1.530e+01
1.650e-01, 2.073e+00, 2.468e-06, 0.000e+00, -1.050e-02, -3.013e+00, 3.898e-01, -1.530e+01, 3.013e+00, -1.530e+01
1.655e-01, 2.071e+00, 2.440e-06, 0.000e+00, -1.050e-02, -3.013e+00, 3.897e-01, -1.530e+01, 3.013e+00, -1.530e+01
1.660e-01, 2.069e+00, 2.437e-06, 0.000e+00, -1.050e-02, -3.013e+00, 3.897e-01, -1.530e+01, 3.013e+00, -1.530e+01
1.665e-01, 2.067e+00, 2.459e-06, 0.000e+00, -1.050e-02, -3.013e+00, 3.897e-01, -1.530e+01, 3.013e+00, -1.530e+01
1.670e-01, 2.065e+00, 2.505e-06, 0.000e+00, -1.050e-02, -3.013e+00, 3.896e-01, -1.530e+01, 3.013e+00, -1.530e+01
1.675e-01, 2.063e+00, 2.574e-06, 0.000e+00, -1.050e-02, -3.013e+00, 3.896e-01, -1.530e+01, 3.013e+00, -1.530e+01
1.680e-01, 2.062e+00, 2.647e-06, 0.000e+00, -1.050e-02, -3.013e+00, 3.895e-01, -1.530e+01, 3.013e+00, -1.530e+01
1.685e-01, 2.060e+00, 2.741e-06, 0.000e+00, -1.050e-02, -3.013e+00, 3.895e-01, -1.530e+01, 3.013e+00, -1.530e+01
1.690e-01, 2.058e+00, 2.854e-06, 0.000e+00, -1.050e-02, -3.013e+00, 3.894e-01, -1.530e+01, 3.013e+00, -1.530e+01
1.695e-01, 2.056e+00, 2.985e-06, 0.000e+00, -1.050e-02, -3.013e+00, 3.894e-01, -1.530e+01, 3.013e+00, -1.530e+01
1.700e-01, 2.055e+00, 3.133e-06, 0.000e+00, -1.050e-02, -3.013e+00, 3.894e-01, -1.530e+01, 3.013e+00, -1.530e+01
1.705e-01, 2.053e+00, 3.297e-06, 0.000e+00, -1.050e-02, -3.013e+00, 3.893e-01, -1.530e+01, 3.013e+00, -1.530e+01
1.710e-01, 2.051e+00, 3.473e-06, 0.000e+00, -1.050e-02, -3.013e+00, 3.893e-01, -1.530e+01, 3.013e+00, -1.530e+01
1.715e-01, 2.049e+00, 3.661e-06, 0.000e+00, -1.050e-02, -3.013e+00, 3.892e-01, -1.530e+01, 3.013e+00, -1.530e+01
1.720e-01, 2.047e+00, 3.859e-06, 0.000e+00, -1.050e-02, -3.013e+00, 3.892e-01, -1.530e+01, 3.013e+00, -1.530e+01
1.725e-01, 2.045e+00, 4.063e-06, 0.000e+00, -1.050e-02, -3.013e+00, 3.891e-01, -1.530e+01, 3.013e+00, -1.530e+01
1.730e-01, 2.043e+00, 4.272e-06, 0.000e+00, -1.050e-02, -3.013e+00, 3.891e-01, -1.530e+01, 3.013e+00, -1.530e+01
1.735e-01, 2.041e+00, 4.483e-06, 0.000e+00, -1.050e-02, -3.013e+00, 3.890e-01, -1.530e+01, 3.013e+00, -1.530e+01
1.740e-01, 2.039e+00, 4.695e-06, 0.000e+00, -1.050e-02, -3.013e+00, 3.890e-01, -1.530e+01, 3.013e+00, -1.530e+01
1.745e-01, 2.038e+00, 4.905e-06, 0.000e+00, -1.050e-02, -3.013e+00, 3.889e-01, -1.530e+01, 3.013e+00, -1.530e+01
1.750e-01, 2.036e+00, 5.110e-06, 0.000e+00, -1.050e-02, -3.013e+00, 3.889e-01, -1.530e+01, 3.013e+00, -1.530e+01
1.755e-01, 2.034e+00, 5.309e-06, 0.000e+00, -1.050e-02, -3.013e+00, 3.889e-01, -1.530e+01, 3.013e+00, -1.530e+01
1.760e-01, 2.032e+00, 5.499e-06, 0.000e+00, -1.050e-02, -3.013e+00, 3.888e-01, -1.530e+01, 3.013e+00, -1.530e+01
1.765e-01, 2.030e+00, 5.679e-06, 0.000e+00, -1.050e-02, -3.013e+00, 3.888e-01, -1.530e+01, 3.013e+00, -1.530e+01
1.770e-01, 2.028e+00, 5.847e-06, 0.000e+00, -1.050e-02, -3.013e+00, 3.887e-01, -1.530e+01, 3.013e+00, -1.530e+01
1.775e-01, 2.026e+00, 6.000e-06, 0.000e+00, -1.050e-02, -3.013e+00, 3.887e-01, -1.530e+01, 3.013e+00, -1.530e+01
1.780e-01, 2.024e+00, 6.138e-06, 0.000e+00, -1.050e-02, -3.013e+00, 3.886e-01, -1.530e+01, 3.013e+00, -1.530e+01
1.785e-01, 2.022e+00, 6.258e-06, 0.000e+00, -1.050e-02, -3.013e+00, 3.886e-01, -1.530e+01, 3.013e+00, -1.530e+01
1.790e-01, 2.020e+00, 6.360e-06, 0.000e+00, -1.050e-02, -3.013e+00, 3.885e-01, -1.530e+01, 3.013e+00, -1.530e+01
1.795e-01, 2.017e+00, 6.442e-06, 0.000e+00, -1.050e-02, -3.013e+00, 3.884e-01, -1.530e+01, 3.013e+00, -1.530e+01
1.800e-01, 2.015e+00, 6.488e-06, 0.000e+00, -1.050e-02, -3.013e+00, 3.884e-01, -1.530e+01, 3.013e+00, -1.530e+01
1.805e-01, 2.014e+00, 6.516e-06, 0.000e+00, -1.050e-02, -3.013e+00, 3.884e-01, -1.530e+01, 3.013e+00, -1.530e+01
1.810e-01, 2.012e+00, 6.525e-06, 0.000e+00, -1.050e-02, -3.013e+00, 3.883e-01, -1.530e+01, 3.013e+00, -1.530e+01
1.815e-01, 2.010e+00, 6.516e-06, 0.000e+00, -1.050e-02, -3.013e+00, 3.883e-01, -1.530e+01, 3.013e+00, -1.530e+01
1.820e-01, 2.008e+00, 6.488e-06, 0.000e+00, -1.050e-02, -3.013e+00, 3.882e-01, -1.530e+01, 3.013e+00, -1.530e+01
1.825e-01, 2.006e+00, 6.446e-06, 0.000e+00, -1.050e-02, -3.013e+00, 3.882e-01, -1.530e+01, 3.013e+00, -1.530e+01
1.830e-01, 2.005e+00, 6.397e-06, 0.000e+00, -1.050e-02, -3.013e+00, 3.881e-01, -1.530e+01, 3.013e+00, -1.530e+01
1.835e-01, 2.003e+00, 6.333e-06, 0.000e+00, -1.050e-02, -3.013e+00, 3.881e-01, -1.530e+01, 3.013e+00, -1.530e+01
1.840e-01, 2.001e+00, 6.255e-06, 0.000e+00, -1.050e-02, -3.013e+00, 3.880e-01, -1.530e+01, 3.013e+00, -1.530e+01
1.845e-01, 2.000e+00, 6.164e-06, 0.000e+00, -1.050e-02, -3.013e+00, 3.880e-01, -1.530e+01, 3.013e+00, -1.530e+01
1.850e-01, 1.998e+00, 6.060e-06, 0.000e+00, -1.050e-02, -3.014e+00, 3.880e-01, -1.530e+01, 3.014e+00, -1.530e+01
1.855e-01, 1.996e+00, 5.944e-06, 0.000e+00, -1.049e-02, -3.016e+00, 3.879e-01, -1.530e+01, 3.016e+00, -1.530e+01
1.860e-01, 1.994e+00, 5.819e-06, 0.000e+00, -1.049e-02, -3.017e+00, 3.879e-01, -1.530e+01, 3.017e+00, -1.530e+01
1.865e-01, 1.993e+00, 5.686e-06, 0.000e+00, -1.049e-02, -3.018e+00, 3.878e-01, -1.530e+01, 3.018e+00, -1.530e+01
1.870e-01, 1.991e+00, 5.546e-06, 0.000e+00, -1.048e-02, -3.020e+00, 3.878e-01, -1.530e+01, 3.020e+00, -1.530e+01
1.875e-01, 1.989e+00, 5.401e-06, 0.000e+00, -1.048e-02, -3.021e+00, 3.877e-01, -1.530e+01, 3.021e+00, -1.530e+01
1.880e-01, 1.987e+00, 5.252e-06, 0.000e+00, -1.047e-02, -3.023e+00, 3.877e-01, -1.530e+01, 3.023e+00, -1.530e+01
1.885e-01, 1.985e+00, 5.101e-06, 0.000e+00, -1.047e-02, -3.024e+00, 3.876e-01, -1.530e+01, 3.024e+00, -1.530e+01
1.890e-01, 1.984e+00, 4.950e-06, 0.000e+00, -1.047e-02, -3.025e+00, 3.876e-01, -1.530e+01, 3.025e+00, -1.530e+01
1.895e-01, 1.982e+00, 4.800e-06, 0.000e+00, -1.046e-02, -3.027e+00, 3.875e-01, -1.530e+01, 3.027e+00, -1.530e+01
1.900e-01, 1.980e+00, 4.654e-06, 0.000e+00, -1.046e-02, -3.028e+00, 3.875e-01, -1.530e+01, 3.028e+00, -1.530e+01
1.905e-01, 1.978e+00, 4.512e-06, 0.000e+00, -1.046e-02, -3.029e+00, 3.875e-01, -1.530e+01, 3.029e+00, -1.530e+01
1.910e-01, 1.976e+00, 4.376e-06, 0.000e+00, -1.045e-02, -3.031e+00, 3.874e-01, -1.530e+01, 3.031e+00, -1.530e+01
1.915e-01, 1.974e+00, 4.248e-06, 0.000e+00, -1.045e-02, -3.032e+00, 3.874e-01, -1.530e+01, 3.032e+00, -1.530e+01
1.920e-01, 1.973e+00, 4.130e-06, 0.000e+00, -1.045e-02, -3.034e+00, 3.873e-01, -1.530e+01, 3.034e+00, -1.530e+01
1.925e-01, 1.971e+00, 4.022e-06, 0.000e+00, -1.044e-02, -3.035e+00, 3.873e-01, -1.530e+01, 3.035e+00, -1.530e+01
1.930e-01, 1.969e+00, 3.926e-06, 0.000e+00, -1.044e-02, -3.037e+00, 3.872e-01, -1.530e+01, 3.037e+00, -1.530e+01
1.935e-01, 1.967e+00, 3.843e-06, 0.000e+00, -1.043e-02, -3.038e+00, 3.872e-01, -1.530e+01, 3.038e+00, -1.530e+01
1.940e-01, 1.965e+00, 3.774e-06, 0.000e+00, -1.043e-02, -3.040e+00, 3.871e-01, -1.530e+01, 3.040e+00, -1.530e+01
1.945e-01, 1.963e+00, 3.722e-06, 0.000e+00, -1.043e-02, -3.041e+00, 3.870e-01, -1.530e+01, 3.041e+00, -1.530e+01
1.950e-01, 1.961e+00, 3.690e-06, 0.000e+00, -1.042e-02, -3.043e+00, 3.870e-01, -1.530e+01, 3.043e+00, -1.530e+01
1.955e-01, 1.959e+00, 3.677e-06, 0.000e+00, -1.042e-02, -3.044e+00, 3.869e-01, -1.530e+01, 3.044e+00, -1.530e+01
1.960e-01, 1.957e+00, 3.679e-06, 0.000e+00, -1.041e-02, -3.045e+00, 3.869e-01, -1.530e+01, 3.045e+00, -1.530e+01
1.965e-01, 1.955e+00, 3.695e-06, 0.000e+00, -1.041e-02, -3.047e+00, 3.869e-01, -1.530e+01, 3.047e+00, -1.530e+01
1.970e-01, 1.953e+00, 3.726e-06, 0.000e+00, -1.041e-02, -3.048e+00, 3.868e-01, -1.530e+01, 3.048e+00, -1.530e+01
1.975e-01, 1.952e+00, 3.770e-06, 0.000e+00, -1.040e-02, -3.049e+00, 3.868e-01, -1.530e+01, 3.049e+00, -1.530e+01
1.980e-01, 1.950e+00, 3.819e-06, 0.000e+00, -1.040e-02, -3.050e+00, 3.867e-01, -1.530e+01, 3.050e+00, -1.530e+01
1.985e-01, 1.949e+00, 3.874e-06, 0.000e+00, -1.040e-02, -3.052e+00, 3.867e-01, -1.530e+01, 3.052e+00, -1.530e+01
1.990e-01, 1.947e+00, 3.941e-06, 0.000e+00, -1.039e-02, -3.053e+00, 3.866e-01, -1.530e+01, 3.053e+00, -1.530e+01
1.995e-01, 1.946e+00, 4.019e-06, 0.000e+00, -1.039e-02, -3.054e+00, 3.866e-01, -1.530e+01, 3.054e+00, -1.530e+01
2.000e-01, 1.944e+00, 4.107e-06, 0.000e+00, -1.039e-02, -3.055e+00, 3.866e-01, -1.530e+01, 3.055e+00, -1.530e+01
2.005e-01, 1.942e+00, 4.205e-06, 0.000e+00, -1.038e-02, -3.056e+00, 3.865e-01, -1.530e+01, 3.056e+00, -1.530e+01
2.010e-01, 1.941e+00, 4.311e-06, 0.000e+00, -1.038e-02, -3.058e+00, 3.865e-01, -1.530e+01, 3.058e+00, -1.530e+01
2.015e-01, 1.939e+00, 4.424e-06, 0.000e+00, -1.038e-02, -3.059e+00, 3.864e-01, -1.530e+01, 3.059e+00, -1.530e+01
2.020e-01, 1.937e+00, 4.544e-06, 0.000e+00, -1.037e-02, -3.060e+00, 3.864e-01, -1.530e+01, 3.060e+00, -1.530e+01
2.025e-01, 1.935e+00, 4.668e-06, 0.000e+00, -1.037e-02, -3.062e+00, 3.863e-01, -1.530e+01, 3.062e+00, -1.530e+01
2.030e-01, 1.934e+00, 4.797e-06, 0.000e+00, -1.037e-02, -3.063e+00, 3.863e-01, -1.530e+01, 3.063e+00, -1.530e+01
2.035e-01, 1.932e+00, 4.921e-06, 0.000e+00, -1.036e-02, -3.064e+00, 3.862e-01, -1.530e+01, 3.064e+00, -1.530e+01
2.040e-01, 1.930e+00, 5.055e-06, 0.000e+00, -1.036e-02, -3.065e+00, 3.862e-01, -1.530e+01, 3.065e+00, -1.530e+01
2.045e-01, 1.929e+00, 5.188e-06, 0.000e+00, -1.036e-02, -3.067e+00, 3.861e-01, -1.530e+01, 3.067e+00, -1.530e+01
2.050e-01, 1.927e+00, 5.318e-06, 0.000e+00, -1.035e-02, -3.068e+00, 3.861e-01, -1.530e+01, 3.068e+00, -1.530e+01
2.055e-01, 1.925e+00, 5.446e-06, 0.000e+00, -1.035e-02, -3.069e+00, 3.861e-01, -1.530e+01, 3.069e+00, -1.530e+01
2.060e-01, 1.923e+00, 5.569e-06, 0.000e+00, -1.035e-02, -3.071e+00, 3.860e-01, -1.530e+01, 3.071e+00, -1.530e+01
2.065e-01, 1.921e+00, 5.694e-06, 0.000e+00, -1.034e-02, -3.072e+00, 3.860e-01, -1.530e+01, 3.072e+00, -1.530e+01
2.070e-01, 1.920e+00, 5.807e-06, 0.000e+00, -1.034e-02, -3.073e+00, 3.859e-01, -1.530e+01, 3.073e+00, -1.530e+01
2.075e-01, 1.918e+00, 5.914e-06, 0.000e+00, -1.034e-02, -3.075e+00, 3.859e-01, -1.530e+01, 3.075e+00, -1.530e+01
2.080e-01, 1.916e+00, 6.012e-06, 0.000e+00, -1.033e-02, -3.076e+00, 3.858e-01, -1.530e+01, 3.076e+00, -1.530e+01
2.085e-01, 1.914e+00, 6.100e-06, 0.000e+00, -1.033e-02, -3.078e+00, 3.858e-01, -1.530e+01, 3.078e+00, -1.530e+01
2.090e-01, 1.912e+00, 6.179e-06, 0.000e+00, -1.032e-02, -3.079e+00, 3.857e-01, -1.530e+01, 3.079e+00, -1.530e+01
2.095e-01, 1.910e+00, 6.247e-06, 0.000e+00, -1.032e-02, -3.080e+00, 3.857e-01, -1.530e+01, 3.080e+00, -1.530e+01
2.100e-01, 1.908e+00, 6.303e-06, 0.000e+00, -1.032e-02, -3.082e+00, 3.856e-01, -1.530e+01, 3.082e+00, -1.530e+01
2.105e-01, 1.906e+00, 6.343e-06, 0.000e+00, -1.031e-02, -3.083e+00, 3.855e-01, -1.530e+01, 3.083e+00, -1.530e+01
2.110e-01, 1.905e+00, 6.365e-06, 0.000e+00, -1.031e-02, -3.085e+00, 3.855e-01, -1.530e+01, 3.085e+00, -1.530e+01
2.115e-01, 1.903e+00, 6.376e-06, 0.000e+00, -1.031e-02, -3.086e+00, 3.855e-01, -1.530e+01, 3.086e+00, -1.530e+01
2.120e-01, 1.901e+00, 6.376e-06, 0.000e+00, -1.030e-02, -3.087e+00, 3.854e-01, -1.530e+01, 3.087e+00, -1.530e+01
2.125e-01, 1.900e+00, 6.365e-06, 0.000e+00, -1.030e-02, -3.089e+00, 3.854e-01, -1.530e+01, 3.089e+00, -1.530e+01
2.130e-01, 1.898e+00, 6.344e-06, 0.000e+00, -1.030e-02, -3.090e+00, 3.853e-01, -1.530e+01, 3.090e+00, -1.530e+01
2.135e-01, 1.896e+00, 6.315e-06, 0.000e+00, -1.029e-02, -3.091e+00, 3.853e-01, -1.530e+01, 3.091e+00, -1.530e+01
2.140e-01, 1.895e+00, 6.284e-06, 0.000e+00, -1.029e-02, -3.092e+00, 3.852e-01, -1.530e+01, 3.092e+00, -1.530e+01
2.145e-01, 1.893e+00, 6.244e-06, 0.000e+00, -1.029e-02, -3.093e+00, 3.852e-01, -1.530e+01, 3.093e+00, -1.530e+01
2.150e-01, 1.892e+00, 6.196e-06, 0.000e+00, -1.028e-02, -3.094e+00, 3.852e-01, -1.530e+01, 3.094e+00, -1.530e+01
2.155e-01, 1.890e+00, 6.140e-06, 0.000e+00, -1.028e-02, -3.095e+00, 3.851e-01, -1.530e+01, 3.095e+00, -1.530e+01
2.160e-01, 1.889e+00, 6.077e-06, 0.000e+00, -1.028e-02, -3.097e+00, 3.851e-01, -1.530e+01, 3.097e+00, -1.530e+01
2.165e-01, 1.887e+00, 6.008e-06, 0.000e+00, -1.027e-02, -3.098e+00, 3.850e-01, -1.530e+01, 3.098e+00, -1.530e+01
2.170e-01, 1.886e+00, 5.933e-06, 0.000e+00, -1.027e-02, -3.099e+00, 3.850e-01, -1.530e+01, 3.099e+00, -1.530e+01
2.175e-01, 1.884e+00, 5.853e-06, 0.000e+00, -1.027e-02, -3.100e+00, 3.849e-01, -1.530e+01, 3.100e+00, -1.530e+01
2.180e-01, 1.882e+00, 5.770e-06, 0.000e+00, -1.026e-02, -3.101e+00, 3.849e-01, -1.530e+01, 3.101e+00, -1.530e+01
2.185e-01, 1.881e+00, 5.683e-06, 0.000e+00, -1.026e-02, -3.103e+00, 3.848e-01, -1.530e+01, 3.103e+00, -1.530e+01
2.190e-01, 1.879e+00, 5.608e-06, 0.000e+00, -1.026e-02, -3.104e+00, 3.848e-01, -1.530e+01, 3.104e+00, -1.530e+01
2.195e-01, 1.878e+00, 5.517e-06, 0.000e+00, -1.026e-02, -3.105e+00, 3.848e-01, -1.530e+01, 3.105e+00, -1.530e+01
2.200e-01, 1.876e+00, 5.425e-06, 0.000e+00, -1.025e-02, -3.106e+00, 3.847e-01, -1.530e+01, 3.106e+00, -1.530e+01
2.205e-01, 1.874e+00, 5.335e-06, 0.000e+00, -1.025e-02, -3.108e+00, 3.847e-01, -1.530e+01, 3.108e+00, -1.530e+01
2.210e-01, 1.873e+00, 5.247e-06, 0.000e+00, -1.025e-02, -3.109e+00, 3.846e-01, -1.530e+01, 3.109e+00, -1.530e+01
2.215e-01, 1.871e+00, 5.162e-06, 0.000e+00, -1.024e-02, -3.110e+00, 3.846e-01, -1.530e+01, 3.110e+00, -1.530e+01
2.220e-01, 1.869e+00, 5.081e-06, 0.000e+00, -1.024e-02, -3.111e+00, 3.845e-01, -1.530e+01, 3.111e+00, -1.530e+01
2.225e-01, 1.867e+00, 4.989e-06, 0.000e+00, -1.023e-02, -3.113e+00, 3.845e-01, -1.530e+01, 3.113e+00, -1.530e+01
2.230e-01, 1.866e+00, 4.917e-06, 0.000e+00, -1.023e-02, -3.114e+00, 3.844e-01, -1.530e+01, 3.114e+00, -1.530e+01
2.235e-01, 1.864e+00, 4.851e-06, 0.000e+00, -1.023e-02, -3.115e+00, 3.844e-01, -1.530e+01, 3.115e+00, -1.530e+01
2.240e-01, 1.862e+00, 4.792e-06, 0.000e+00, -1.022e-02, -3.117e+00, 3.843e-01, -1.530e+01, 3.117e+00, -1.530e+01
2.245e-01, 1.860e+00, 4.740e-06, 0.000e+00, -1.022e-02, -3.118e+00, 3.843e-01, -1.530e+01, 3.118e+00, -1.530e+01
2.250e-01, 1.858e+00, 4.697e-06, 0.000e+00, -1.022e-02, -3.119e+00, 3.842e-01, -1.530e+01, 3.119e+00, -1.530e+01
2.255e-01, 1.857e+00, 4.663e-06, 0.000e+00, -1.021e-02, -3.121e+00, 3.842e-01, -1.530e+01, 3.121e+00, -1.530e+01
2.260e-01, 1.855e+00, 4.639e-06, 0.000e+00, -1.021e-02, -3.122e+00, 3.841e-01, -1.530e+01, 3.122e+00, -1.530e+01
2.265e-01, 1.853e+00, 4.629e-06, 0.000e+00, -1.021e-02, -3.124e+00, 3.841e-01, -1.530e+01, 3.124e+00, -1.530e+01
2.270e-01, 1.851e+00, 4.629e-06, 0.000e+00, -1.020e-02, -3.125e+00, 3.840e-01, -1.530e+01, 3.125e+00, -1.530e+01
2.275e-01, 1.849e+00, 4.638e-06, 0.000e+00, -1.020e-02, -3.126e+00, 3.840e-01, -1.530e+01, 3.126e+00, -1.530e+01
2.280e-01, 1.848e+00, 4.655e-06, 0.000e+00, -1.020e-02, -3.127e+00, 3.839e-01, -1.530e+01, 3.127e+00, -1.530e+01
2.285e-01, 1.846e+00, 4.680e-06, 0.000e+00, -1.019e-02, -3.129e+00, 3.839e-01, -1.530e+01, 3.129e+00, -1.530e+01
2.290e-01, 1.845e+00, 4.714e-06, 0.000e+00, -1.019e-02, -3.130e+00, 3.838e-01, -1.530e+01, 3.130e+00, -1.530e+01
2.295e-01, 1.843e+00, 4.750e-06, 0.000e+00, -1.019e-02, -3.131e+00, 3.838e-01, -1.530e+01, 3.131e+00, -1.530e+01
2.300e-01, 1.842e+00, 4.787e-06, 0.000e+00, -1.018e-02, -3.132e+00, 3.837e-01, -1.530e+01, 3.132e+00, -1.530e+01
2.305e-01, 1.840e+00, 4.831e-06, 0.000e+00, -1.018e-02, -3.133e+00, 3.837e-01, -1.530e+01, 3.133e+00, -1.530e+01
2.310e-01, 1.839e+00, 4.882e-06, 0.000e+00, -1.018e-02, -3.134e+00, 3.837e-01, -1.530e+01, 3.134e+00, -1.530e+01
2.315e-01, 1.838e+00, 4.939e-06, 0.000e+00, -1.018e-02, -3.135e+00, 3.836e-01, -1.530e+01, 3.135e+00, -1.530e+01
2.320e-01, 1.836e+00, 5.001e-06, 0.000e+00, -1.017e-02, -3.136e+00, 3.836e-01, -1.530e+01, 3.136e+00, -1.530e+01
2.325e-01, 1.835e+00, 5.069e-06, 0.000e+00, -1.017e-02, -3.137e+00, 3.835e-01, -1.530e+01, 3.137e+00, -1.530e+01
2.330e-01, 1.833e+00, 5.141e-06, 0.000e+00, -1.017e-02, -3.139e+00, 3.835e-01, -1.530e+01, 3.139e+00, -1.530e+01
2.335e-01, 1.832e+00, 5.218e-06, 0.000e+00, -1.016e-02, -3.140e+00, 3.834e-01, -1.530e+01, 3.140e+00, -1.530e+01
2.340e-01, 1.830e+00, 5.297e-06, 0.000e+00, -1.016e-02, -3.141e+00, 3.834e-01, -1.530e+01, 3.141e+00, -1.530e+01
2.345e-01, 1.828e+00, 5.379e-06, 0.000e+00, -1.016e-02, -3.142e+00, 3.834e-01, -1.530e+01, 3.142e+00, -1.530e+01
2.350e-01, 1.827e+00, 5.441e-06, 0.000e+00, -1.015e-02, -3.143e+00, 3.833e-01, -1.530e+01, 3.143e+00, -1.530e+01
2.355e-01, 1.826e+00, 5.522e-06, 0.000e+00, -1.015e-02, -3.144e+00, 3.833e-01, -1.530e+01, 3.144e+00, -1.530e+01
2.360e-01, 1.824e+00, 5.606e-06, 0.000e+00, -1.015e-02, -3.145e+00, 3.832e-01, -1.530e+01, 3.145e+00, -1.530e+01
2.365e-01, 1.823e+00, 5.690e-06, 0.000e+00, -1.015e-02, -3.146e+00, 3.832e-01, -1.530e+01, 3.146e+00, -1.530e+01
2.370e-01, 1.821e+00, 5.775e-06, 0.000e+00, -1.014e-02, -3.148e+00, 3.831e-01, -1.530e+01, 3.148e+00, -1.530e+01
2.375e-01, 1.819e+00, 5.858e-06, 0.000e+00, -1.014e-02, -3.149e+00, 3.831e-01, -1.530e+01, 3.149e+00, -1.530e+01
2.380e-01, 1.818e+00, 5.940e-06, 0.000e+00, -1.014e-02, -3.150e+00, 3.830e-01, -1.530e+01, 3.150e+00, -1.530e+01
2.385e-01, 1.816e+00, 6.020e-06, 0.000e+00, -1.013e-02, -3.151e+00, 3.830e-01, -1.530e+01, 3.151e+00, -1.530e+01
2.390e-01, 1.814e+00, 6.110e-06, 0.000e+00, -1.013e-02, -3.153e+00, 3.829e-01, -1.530e+01, 3.153e+00, -1.530e+01
2.395e-01, 1.812e+00, 6.178e-06, 0.000e+00, -1.012e-02, -3.154e+00, 3.829e-01, -1.530e+01, 3.154e+00, -1.530e+01
2.400e-01, 1.811e+00, 6.241e-06, 0.000e+00, -1.012e-02, -3.155e+00, 3.828e-01, -1.530e+01, 3.155e+00, -1.530e+01
2.405e-01, 1.809e+00, 6.298e-06, 0.000e+00, -1.012e-02, -3.157e+00, 3.828e-01, -1.530e+01, 3.157e+00, -1.530e+01
2.410e-01, 1.807e+00, 6.349e-06, 0.000e+00, -1.011e-02, -3.158e+00, 3.827e-01, -1.530e+01, 3.158e+00, -1.530e+01
2.415e-01, 1.805e+00, 6.394e-06, 0.000e+00, -1.011e-02, -3.159e+00, 3.827e-01, -1.530e+01, 3.159e+00, -1.530e+01
2.420e-01, 1.803e+00, 6.432e-06, 0.000e+00, -1.011e-02, -3.161e+00, 3.826e-01, -1.530e+01, 3.161e+00, -1.530e+01
2.425e-01, 1.801e+00, 6.462e-06, 0.000e+00, -1.010e-02, -3.162e+00, 3.826e-01, -1.530e+01, 3.162e+00, -1.530e+01
2.430e-01, 1.800e+00, 6.477e-06, 0.000e+00, -1.010e-02, -3.163e+00, 3.825e-01, -1.530e+01, 3.163e+00, -1.530e+01
2.435e-01, 1.798e+00, 6.486e-06, 0.000e+00, -1.010e-02, -3.165e+00, 3.825e-01, -1.530e+01, 3.165e+00, -1.530e+01
2.440e-01, 1.797e+00, 6.489e-06, 0.000e+00, -1.009e-02, -3.166e+00, 3.824e-01, -1.530e+01, 3.166e+00, -1.530e+01
2.445e-01, 1.795e+00, 6.486e-06, 0.000e+00, -1.009e-02, -3.167e+00, 3.824e-01, -1.530e+01, 3.167e+00, -1.530e+01
2.450e-01, 1.794e+00, 6.476e-06, 0.000e+00, -1.009e-02, -3.168e+00, 3.823e-01, -1.530e+01, 3.168e+00, -1.530e+01
2.455e-01, 1.792e+00, 6.460e-06, 0.000e+00, -1.008e-02, -3.169e+00, 3.823e-01, -1.530e+01, 3.169e+00, -1.530e+01
2.460e-01, 1.791e+00, 6.444e-06, 0.000e+00, -1.008e-02, -3.170e+00, 3.823e-01, -1.530e+01, 3.170e+00, -1.530e+01
2.465e-01, 1.790e+00, 6.424e-06, 0.000e+00, -1.008e-02, -3.171e+00, 3.822e-01, -1.530e+01, 3.171e+00, -1.530e+01
2.470e-01, 1.788e+00, 6.399e-06, 0.000e+00, -1.008e-02, -3.172e+00, 3.822e-01, -1.530e+01, 3.172e+00, -1.530e+01
2.475e-01, 1.787e+00, 6.370e-06, 0.000e+00, -1.007e-02, -3.173e+00, 3.821e-01, -1.530e+01, 3.173e+00, -1.530e+01
2.480e-01, 1.786e+00, 6.336e-06, 0.000e+00, -1.007e-02, -3.174e+00, 3.821e-01, -1.530e+01, 3.174e+00, -1.530e+01
2.485e-01, 1.784e+00, 6.299e-06, 0.000e+00, -1.007e-02, -3.175e+00, 3.821e-01, -1.530e+01, 3.175e+00, -1.530e+01
2.490e-01, 1.783e+00, 6.258e-06, 0.000e+00, -1.007e-02, -3.176e+00, 3.820e-01, -1.530e+01, 3.176e+00, -1.530e+01
2.495e-01, 1.781e+00, 6.214e-06, 0.000e+00, -1.006e-02, -3.177e+00, 3.820e-01, -1.530e+01, 3.177e+00, -1.530e+01
2.500e-01, 1.780e+00, 6.168e-06, 0.000e+00, -1.006e-02, -3.179e+00, 3.819e-01, -1.530e+01, 3.179e+00, -1.530e+01
2.505e-01, 1.778e+00, 6.119e-06, 0.000e+00, -1.006e-02, -3.180e+00, 3.819e-01, -1.530e+01, 3.180e+00, -1.530e+01
2.510e-01, 1.777e+00, 6.069e-06, 0.000e+00, -1.005e-02, -3.181e+00, 3.818e-01, -1.530e+01, 3.181e+00, -1.530e+01
2.515e-01, 1.775e+00, 6.018e-06, 0.000e+00, -1.005e-02, -3.182e+00, 3.818e-01, -1.530e+01, 3.182e+00, -1.530e+01
2.520e-01, 1.774e+00, 5.966e-06, 0.000e+00, -1.005e-02, -3.183e+00, 3.817e-01, -1.530e+01, 3.183e+00, -1.530e+01
2.525e-01, 1.772e+00, 5.914e-06, 0.000e+00, -1.004e-02, -3.184e+00, 3.817e-01, -1.530e+01, 3.184e+00, -1.530e+01
2.530e-01, 1.771e+00, 5.863e-06, 0.000e+00, -1.004e-02, -3.185e+00, 3.816e-01, -1.530e+01, 3.185e+00, -1.530e+01
2.535e-01, 1.769e+00, 5.813e-06, 0.000e+00, -1.004e-02, -3.187e+00, 3.816e-01, -1.530e+01, 3.187e+00, -1.530e+01
2.540e-01, 1.768e+00, 5.763e-06, 0.000e+00, -1.004e-02, -3.188e+00, 3.816e-01, -1.530e+01, 3.188e+00, -1.530e+01
2.545e-01, 1.766e+00, 5.717e-06, 0.000e+00, -1.003e-02, -3.189e+00, 3.815e-01, -1.530e+01, 3.189e+00, -1.530e+01
2.550e-01, 1.765e+00, 5.673e-06, 0.000e+00, -1.003e-02, -3.190e+00, 3.815e-01, -1.530e+01, 3.190e+00, -1.530e+01
2.555e-01, 1.763e+00, 5.632e-06, 0.000e+00, -1.003e-02, -3.191e+00, 3.814e-01, -1.530e+01, 3.191e+00, -1.530e+01
2.560e-01, 1.761e+00, 5.595e-06, 0.000e+00, -1.002e-02, -3.192e+00, 3.814e-01, -1.530e+01, 3.192e+00, -1.530e+01
2.565e-01, 1.760e+00, 5.562e-06, 0.000e+00, -1.002e-02, -3.194e+00, 3.813e-01, -1.530e+01, 3.194e+00, -1.530e+01
2.570e-01, 1.758e+00, 5.534e-06, 0.000e+00, -1.002e-02, -3.195e+00, 3.813e-01, -1.530e+01, 3.195e+00, -1.530e+01
2.575e-01, 1.756e+00, 5.510e-06, 0.000e+00, -1.001e-02, -3.196e+00, 3.812e-01, -1.530e+01, 3.196e+00, -1.530e+01
2.580e-01, 1.755e+00, 5.492e-06, 0.000e+00, -1.001e-02, -3.197e+00, 3.812e-01, -1.530e+01, 3.197e+00, -1.530e+01
2.585e-01, 1.753e+00, 5.481e-06, 0.000e+00, -1.001e-02, -3.199e+00, 3.811e-01, -1.530e+01, 3.199e+00, -1.530e+01
2.590e-01, 1.751e+00, 5.477e-06, 0.000e+00, -1.000e-02, -3.200e+00, 3.810e-01, -1.530e+01, 3.200e+00, -1.530e+01
2.595e-01, 1.749e+00, 5.480e-06, 0.000e+00, -1.000e-02, -3.201e+00, 3.810e-01, -1.530e+01, 3.201e+00, -1.530e+01
2.600e-01, 1.748e+00, 5.487e-06, 0.000e+00, -1.000e-02, -3.202e+00, 3.809e-01, -1.530e+01, 3.202e+00, -1.530e+01
2.605e-01, 1.746e+00, 5.500e-06, 0.000e+00, -1.000e-02, -3.202e+00, 3.809e-01, -1.530e+01, 3.202e+00, -1.530e+01
2.610e-01, 1.745e+00, 5.518e-06, 0.000e+00, -1.000e-02, -3.202e+00, 3.809e-01, -1.530e+01, 3.202e+00, -1.530e+01
2.615e-01, 1.743e+00, 5.546e-06, 0.000e+00, -1.000e-02, -3.203e+00, 3.808e-01, -1.530e+01, 3.203e+00, -1.530e+01
2.620e-01, 1.742e+00, 5.569e-06, 0.000e+00, -1.000e-02, -3.203e+00, 3.808e-01, -1.530e+01, 3.203e+00, -1.530e+01
2.625e-01, 1.740e+00, 5.599e-06, 0.000e+00, -1.000e-02, -3.203e+00, 3.807e-01, -1.530e+01, 3.203e+00, -1.530e+01
2.630e-01, 1.739e+00, 5.624e-06, 0.000e+00, -1.000e-02, -3.204e+00, 3.807e-01, -1.530e+01, 3.204e+00, -1.530e+01
2.635e-01, 1.738e+00, 5.654e-06, 0.000e+00, -1.000e-02, -3.204e+00, 3.807e-01, -1.530e+01, 3.204e+00, -1.530e+01
2.640e-01, 1.737e+00, 5.689e-06, 0.000e+00, -1.000e-02, -3.204e+00, 3.806e-01, -1.530e+01, 3.204e+00, -1.530e+01
2.645e-01, 1.736e+00, 5.728e-06, 0.000e+00, -1.000e-02, -3.205e+00, 3.806e-01, -1.530e+01, 3.205e+00, -1.530e+01
2.650e-01, 1.734e+00, 5.770e-06, 0.000e+00, -1.000e-02, -3.205e+00, 3.805e-01, -1.530e+01, 3.205e+00, -1.530e+01
2.655e-01, 1.733e+00, 5.815e-06, 0.000e+00, -1.000e-02, -3.205e+00, 3.805e-01, -1.530e+01, 3.205e+00, -1.530e+01
2.660e-01, 1.732e+00, 5.863e-06, 0.000e+00, -1.000e-02, -3.206e+00, 3.804e-01, -1.530e+01, 3.206e+00, -1.530e+01
2.665e-01, 1.730e+00, 5.914e-06, 0.000e+00, -1.000e-02, -3.206e+00, 3.804e-01, -1.530e+01, 3.206e+00, -1.530e+01
2.670e-01, 1.729e+00, 5.967e-06, 0.000e+00, -1.000e-02, -3.206e+00, 3.804e-01, -1.530e+01, 3.206e+00, -1.530e+01
2.675e-01, 1.727e+00, 6.021e-06, 0.000e+00, -1.000e-02, -3.207e+00, 3.803e-01, -1.530e+01, 3.207e+00, -1.530e+01
2.680e-01, 1.726e+00, 6.077e-06, 0.000e+00, -1.000e-02, -3.207e+00, 3.803e-01, -1.530e+01, 3.207e+00, -1.530e+01
2.685e-01, 1.725e+00, 6.133e-06, 0.000e+00, -1.000e-02, -3.207e+00, 3.802e-01, -1.530e+01, 3.207e+00, -1.530e+01
2.690e-01, 1.723e+00, 6.190e-06, 0.000e+00, -1.000e-02, -3.208e+00, 3.802e-01, -1.530e+01, 3.208e+00, -1.530e+01
2.695e-01, 1.722e+00, 6.247e-06, 0.000e+00, -1.000e-02, -3.208e+00, 3.801e-01, -1.530e+01, 3.208e+00, -1.530e+01
2.700e-01, 1.720e+00, 6.304e-06, 0.000e+00, -1.000e-02, -3.209e+00, 3.801e-01, -1.530e+01, 3.209e+00, -1.530e+01
2.705e-01, 1.719e+00, 6.360e-06, 0.000e+00, -1.000e-02, -3.209e+00, 3.800e-01, -1.530e+01, 3.209e+00, -1.530e+01
2.710e-01, 1.717e+00, 6.415e-06, 0.000e+00, -1.000e-02, -3.209e+00, 3.800e-01, -1.530e+01, 3.209e+00, -1.530e+01
2.715e-01, 1.716e+00, 6.468e-06, 0.000e+00, -1.000e-02, -3.210e+00, 3.799e-01, -1.530e+01, 3.210e+00, -1.530e+01
2.720e-01, 1.714e+00, 6.520e-06, 0.000e+00, -1.000e-02, -3.210e+00, 3.799e-01, -1.530e+01, 3.210e+00, -1.530e+01
2.725e-01, 1.713e+00, 6.569e-06, 0.000e+00, -1.000e-02, -3.210e+00, 3.799e-01, -1.530e+01, 3.210e+00, -1.530e+01
2.730e-01, 1.711e+00, 6.616e-06, 0.000e+00, -1.000e-02, -3.211e+00, 3.798e-01, -1.530e+01, 3.211e+00, -1.530e+01
2.735e-01, 1.710e+00, 6.660e-06, 0.000e+00, -1.000e-02, -3.211e+00, 3.798e-01, -1.530e+01, 3.211e+00, -1.530e+01
2.740e-01, 1.708e+00, 6.700e-06, 0.000e+00, -1.000e-02, -3.212e+00, 3.797e-01, -1.530e+01, 3.212e+00, -1.530e+01
2.745e-01, 1.706e+00, 6.737e-06, 0.000e+00, -1.000e-02, -3.212e+00, 3.797e-01, -1.530e+01, 3.212e+00, -1.530e+01
2.750e-01, 1.705e+00, 6.771e-06, 0.000e+00, -1.000e-02, -3.212e+00, 3.796e-01, -1.530e+01, 3.212e+00, -1.530e+01
2.755e-01, 1.703e+00, 6.801e-06, 0.000e+00, -1.000e-02, -3.213e+00, 3.795e-01, -1.530e+01, 3.213e+00, -1.530e+01
2.760e-01, 1.701e+00, 6.826e-06, 0.000e+00, -1.000e-02, -3.213e+00, 3.795e-01, -1.530e+01, 3.213e+00, -1.530e+01
2.765e-01, 1.699e+00, 6.843e-06, 0.000e+00, -1.000e-02, -3.214e+00, 3.794e-01, -1.530e+01, 3.214e+00, -1.530e+01
2.770e-01, 1.698e+00, 6.854e-06, 0.000e+00, -1.000e-02, -3.214e+00, 3.794e-01, -1.530e+01, 3.214e+00, -1.530e+01
2.775e-01, 1.697e+00, 6.861e-06, 0.000e+00, -1.000e-02, -3.214e+00, 3.793e-01, -1.530e+01, 3.214e+00, -1.530e+01
2.780e-01, 1.695e+00, 6.865e-06, 0.000e+00, -1.000e-02, -3.215e+00, 3.793e-01, -1.530e+01, 3.215e+00, -1.530e+01
2.785e-01, 1.694e+00, 6.865e-06, 0.000e+00, -1.000e-02, -3.215e+00, 3.793e-01, -1.530e+01, 3.215e+00, -1.530e+01
2.790e-01, 1.692e+00, 6.862e-06, 0.000e+00, -1.000e-02, -3.216e+00, 3.792e-01, -1.530e+01, 3.216e+00, -1.530e+01
2.795e-01, 1.691e+00, 6.855e-06, 0.000e+00, -1.000e-02, -3.216e+00, 3.792e-01, -1.530e+01, 3.216e+00, -1.530e+01
2.800e-01, 1.690e+00, 6.848e-06, 0.000e+00, -1.000e-02, -3.216e+00, 3.791e-01, -1.530e+01, 3.216e+00, -1.530e+01
2.805e-01, 1.689e+00, 6.839e-06, 0.000e+00, -1.000e-02, -3.216e+00, 3.791e-01, -1.530e+01, 3.216e+00, -1.530e+01
2.810e-01, 1.688e+00, 6.828e-06, 0.000e+00, -1.000e-02, -3.217e+00, 3.791e-01, -1.530e+01, 3.217e+00, -1.530e+01
2.815e-01, 1.686e+00, 6.814e-06, 0.000e+00, -1.000e-02, -3.217e+00, 3.790e-01, -1.530e+01, 3.217e+00, -1.530e+01
2.820e-01, 1.685e+00, 6.799e-06, 0.000e+00, -1.000e-02, -3.217e+00, 3.790e-01, -1.530e+01, 3.217e+00, -1.530e+01
2.825e-01, 1.684e+00, 6.781e-06, 0.000e+00, -1.000e-02, -3.218e+00, 3.789e-01, -1.530e+01, 3.218e+00, -1.530e+01
2.830e-01, 1.683e+00, 6.761e-06, 0.000e+00, -1.000e-02, -3.218e+00, 3.789e-01, -1.530e+01, 3.218e+00, -1.530e+01
2.835e-01, 1.681e+00, 6.739e-06, 0.000e+00, -1.000e-02, -3.218e+00, 3.789e-01, -1.530e+01, 3.218e+00, -1.530e+01
2.840e-01, 1.680e+00, 6.717e-06, 0.000e+00, -1.000e-02, -3.219e+00, 3.788e-01, -1.530e+01, 3.219e+00, -1.530e+01
2.845e-01, 1.679e+00, 6.692e-06, 0.000e+00, -1.000e-02, -3.219e+00, 3.788e-01, -1.530e+01, 3.219e+00, -1.530e+01
2.850e-01, 1.677e+00, 6.668e-06, 0.000e+00, -1.000e-02, -3.219e+00, 3.787e-01, -1.530e+01, 3.219e+00, -1.530e+01
2.855e-01, 1.676e+00, 6.642e-06, 0.000e+00, -1.000e-02, -3.220e+00, 3.787e-01, -1.530e+01, 3.220e+00, -1.530e+01
2.860e-01, 1.675e+00, 6.616e-06, 0.000e+00, -1.000e-02, -3.220e+00, 3.786e-01, -1.530e+01, 3.220e+00, -1.530e+01
2.865e-01, 1.673e+00, 6.591e-06, 0.000e+00, -1.000e-02, -3.220e+00, 3.786e-01, -1.530e+01, 3.220e+00, -1.530e+01
2.870e-01, 1.672e+00, 6.565e-06, 0.000e+00, -1.000e-02, -3.221e+00, 3.786e-01, -1.530e+01, 3.221e+00, -1.530e+01
2.875e-01, 1.670e+00, 6.540e-06, 0.000e+00, -1.000e-02, -3.221e+00, 3.785e-01, -1.530e+01, 3.221e+00, -1.530e+01
2.880e-01, 1.669e+00, 6.516e-06, 0.000e+00, -1.000e-02, -3.221e+00, 3.785e-01, -1.530e+01, 3.221e+00, -1.530e+01
2.885e-01, 1.667e+00, 6.493e-06, 0.000e+00, -1.000e-02, -3.222e+00, 3.784e-01, -1.530e+01, 3.222e+00, -1.530e+01
2.890e-01, 1.666e+00, 6.472e-06, 0.000e+00, -1.000e-02, -3.222e+00, 3.784e-01, -1.530e+01, 3.222e+00, -1.530e+01
2.895e-01, 1.665e+00, 6.453e-06, 0.000e+00, -1.000e-02, -3.223e+00, 3.783e-01, -1.530e+01, 3.223e+00, -1.530e+01
2.900e-01, 1.663e+00, 6.435e-06, 0.000e+00, -1.000e-02, -3.223e+00, 3.783e-01, -1.530e+01, 3.223e+00, -1.530e+01
2.905e-01, 1.662e+00, 6.420e-06, 0.000e+00, -1.000e-02, -3.223e+00, 3.782e-01, -1.530e+01, 3.223e+00, -1.530e+01
2.910e-01, 1.660e+00, 6.407e-06, 0.000e+00, -1.000e-02, -3.224e+00, 3.782e-01, -1.530e+01, 3.224e+00, -1.530e+01
2.915e-01, 1.659e+00, 6.398e-06, 0.000e+00, -1.000e-02, -3.224e+00, 3.781e-01, -1.530e+01, 3.224e+00, -1.530e+01
2.920e-01, 1.657e+00, 6.391e-06, 0.000e+00, -1.000e-02, -3.224e+00, 3.781e-01, -1.530e+01, 3.224e+00, -1.530e+01
2.925e-01, 1.655e+00, 6.388e-06, 0.000e+00, -1.000e-02, -3.225e+00, 3.780e-01, -1.530e+01, 3.225e+00, -1.530e+01
2.930e-01, 1.654e+00, 6.389e-06, 0.000e+00, -1.000e-02, -3.225e+00, 3.780e-01, -1.530e+01, 3.225e+00, -1.530e+01
2.935e-01, 1.652e+00, 6.396e-06, 0.000e+00, -1.000e-02, -3.226e+00, 3.779e-01, -1.530e+01, 3.226e+00, -1.530e+01
2.940e-01, 1.650e+00, 6.405e-06, 0.000e+00, -1.000e-02, -3.226e+00, 3.779e-01, -1.530e+01, 3.226e+00, -1.530e+01
2.945e-01, 1.649e+00, 6.416e-06, 0.000e+00, -1.000e-02, -3.226e+00, 3.778e-01, -1.530e+01, 3.226e+00, -1.530e+01
2.950e-01, 1.648e+00, 6.430e-06, 0.000e+00, -1.000e-02, -3.227e+00, 3.778e-01, -1.530e+01, 3.227e+00, -1.530e+01
2.955e-01, 1.646e+00, 6.447e-06, 0.000e+00, -1.000e-02, -3.227e+00, 3.777e-01, -1.530e+01, 3.227e+00, -1.530e+01
2.960e-01, 1.645e+00, 6.467e-06, 0.000e+00, -1.000e-02, -3.227e+00, 3.777e-01, -1.530e+01, 3.227e+00, -1.530e+01
2.965e-01, 1.643e+00, 6.490e-06, 0.000e+00, -1.000e-02, -3.228e+00, 3.776e-01, -1.530e+01, 3.228e+00, -1.530e+01
2.970e-01, 1.642e+00, 6.516e-06, 0.000e+00, -1.000e-02, -3.228e+00, 3.776e-01, -1.530e+01, 3.228e+00, -1.530e+01
2.975e-01, 1.641e+00, 6.535e-06, 0.000e+00, -1.000e-02, -3.228e+00, 3.776e-01, -1.530e+01, 3.228e+00, -1.530e+01
2.980e-01, 1.640e+00, 6.555e-06, 0.000e+00, -1.000e-02, -3.229e+00, 3.775e-01, -1.530e+01, 3.229e+00, -1.530e+01
2.985e-01, 1.639e+00, 6.579e-06, 0.000e+00, -1.000e-02, -3.229e+00, 3.775e-01, -1.530e+01, 3.229e+00, -1.530e+01
2.990e-01, 1.638e+00, 6.605e-06, 0.000e+00, -1.000e-02, -3.229e+00, 3.775e-01, -1.530e+01, 3.229e+00, -1.530e+01
2.995e-01, 1.637e+00, 6.634e-06, 0.000e+00, -1.000e-02, -3.230e+00, 3.774e-01, -1.530e+01, 3.230e+00, -1.530e+01
3.000e-01, 1.636e+00, 6.665e-06, 0.000e+00, -1.000e-02, -3.230e+00, 3.774e-01, -1.530e+01, 3.230e+00, -1.530e+01
