 # Time,     Mach,      alfa,      beta,      Cd,      Cd0,     Cdd2,     CL_alfa,     Cn_p_alfa,     Cn_q_alfa 
5.000e-04, 2.934e+00, 6.983e-06, 5.285e-07, 3.200e-01, 3.200e-01, 4.400e+00, 2.850e+00, -6.700e-01, 0.000e+00
1.000e-03, 2.930e+00, 1.178e-05, 1.526e-06, 3.200e-01, 3.200e-01, 4.400e+00, 2.850e+00, -6.700e-01, 0.000e+00
1.500e-03, 2.926e+00, 1.645e-05, 3.030e-06, 3.200e-01, 3.200e-01, 4.400e+00, 2.850e+00, -6.700e-01, 0.000e+00
2.000e-03, 2.925e+00, 1.877e-05, 3.993e-06, 3.200e-01, 3.200e-01, 4.400e+00, 2.850e+00, -6.700e-01, 0.000e+00
2.500e-03, 2.921e+00, 2.312e-05, 6.223e-06, 3.200e-01, 3.200e-01, 4.400e+00, 2.850e+00, -6.700e-01, 0.000e+00
3.000e-03, 2.917e+00, 2.725e-05, 8.917e-06, 3.200e-01, 3.200e-01, 4.400e+00, 2.850e+00, -6.700e-01, 0.000e+00
3.500e-03, 2.914e+00, 3.110e-05, 1.206e-05, 3.200e-01, 3.200e-01, 4.400e+00, 2.850e+00, -6.700e-01, 0.000e+00
4.000e-03, 2.910e+00, 3.466e-05, 1.562e-05, 3.200e-01, 3.200e-01, 4.400e+00, 2.850e+00, -6.700e-01, 0.000e+00
4.500e-03, 2.906e+00, 3.786e-05, 1.956e-05, 3.200e-01, 3.200e-01, 4.400e+00, 2.850e+00, -6.700e-01, 0.000e+00
5.000e-03, 2.903e+00, 4.058e-05, 2.368e-05, 3.200e-01, 3.200e-01, 4.400e+00, 2.850e+00, -6.700e-01, 0.000e+00
5.500e-03, 2.899e+00, 4.295e-05, 2.812e-05, 3.200e-01, 3.200e-01, 4.400e+00, 2.850e+00, -6.700e-01, 0.000e+00
6.000e-03, 2.896e+00, 4.492e-05, 3.286e-05, 3.200e-01, 3.200e-01, 4.400e+00, 2.850e+00, -6.700e-01, 0.000e+00
6.500e-03, 2.892e+00, 4.649e-05, 3.785e-05, 3.200e-01, 3.200e-01, 4.400e+00, 2.850e+00, -6.700e-01, 0.000e+00
7.000e-03, 2.889e+00, 4.763e-05, 4.307e-05, 3.200e-01, 3.200e-01, 4.400e+00, 2.850e+00, -6.700e-01, 0.000e+00
7.500e-03, 2.886e+00, 4.831e-05, 4.849e-05, 3.200e-01, 3.200e-01, 4.400e+00, 2.850e+00, -6.700e-01, 0.000e+00
8.000e-03, 2.882e+00, 4.853e-05, 5.407e-05, 3.200e-01, 3.200e-01, 4.400e+00, 2.850e+00, -6.700e-01, 0.000e+00
8.500e-03, 2.879e+00, 4.826e-05, 5.978e-05, 3.200e-01, 3.200e-01, 4.400e+00, 2.850e+00, -6.700e-01, 0.000e+00
9.000e-03, 2.875e+00, 4.750e-05, 6.558e-05, 3.200e-01, 3.200e-01, 4.400e+00, 2.850e+00, -6.700e-01, 0.000e+00
9.500e-03, 2.872e+00, 4.623e-05, 7.143e-05, 3.200e-01, 3.200e-01, 4.400e+00, 2.850e+00, -6.700e-01, 0.000e+00
1.000e-02, 2.868e+00, 4.446e-05, 7.729e-05, 3.200e-01, 3.200e-01, 4.400e+00, 2.850e+00, -6.700e-01, 0.000e+00
1.050e-02, 2.865e+00, 4.217e-05, 8.313e-05, 3.200e-01, 3.200e-01, 4.400e+00, 2.850e+00, -6.700e-01, 0.000e+00
1.100e-02, 2.861e+00, 3.937e-05, 8.891e-05, 3.200e-01, 3.200e-01, 4.400e+00, 2.850e+00, -6.700e-01, 0.000e+00
1.150e-02, 2.858e+00, 3.605e-05, 9.459e-05, 3.200e-01, 3.200e-01, 4.400e+00, 2.850e+00, -6.700e-01, 0.000e+00
1.200e-02, 2.854e+00, 3.223e-05, 1.001e-04, 3.200e-01, 3.200e-01, 4.400e+00, 2.850e+00, -6.700e-01, 0.000e+00
1.250e-02, 2.851e+00, 2.790e-05, 1.055e-04, 3.200e-01, 3.200e-01, 4.400e+00, 2.850e+00, -6.700e-01, 0.000e+00
1.300e-02, 2.848e+00, 2.308e-05, 1.106e-04, 3.200e-01, 3.200e-01, 4.400e+00, 2.850e+00, -6.700e-01, 0.000e+00
1.350e-02, 2.844e+00, 1.777e-05, 1.155e-04, 3.200e-01, 3.200e-01, 4.400e+00, 2.850e+00, -6.700e-01, 0.000e+00
1.400e-02, 2.841e+00, 1.199e-05, 1.202e-04, 3.200e-01, 3.200e-01, 4.400e+00, 2.850e+00, -6.700e-01, 0.000e+00
1.450e-02, 2.837e+00, 5.758e-06, 1.244e-04, 3.200e-01, 3.200e-01, 4.400e+00, 2.850e+00, -6.700e-01, 0.000e+00
1.500e-02, 2.834e+00, -9.127e-07, 1.284e-04, 3.200e-01, 3.200e-01, 4.400e+00, 2.850e+00, -6.700e-01, 0.000e+00
1.550e-02, 2.830e+00, -8.003e-06, 1.319e-04, 3.200e-01, 3.200e-01, 4.400e+00, 2.850e+00, -6.700e-01, 0.000e+00
1.600e-02, 2.827e+00, -1.521e-05, 1.349e-04, 3.200e-01, 3.200e-01, 4.400e+00, 2.850e+00, -6.700e-01, 0.000e+00
1.650e-02, 2.824e+00, -2.269e-05, 1.375e-04, 3.200e-01, 3.200e-01, 4.400e+00, 2.850e+00, -6.700e-01, 0.000e+00
1.700e-02, 2.821e+00, -3.049e-05, 1.396e-04, 3.200e-01, 3.200e-01, 4.400e+00, 2.850e+00, -6.700e-01, 0.000e+00
1.750e-02, 2.817e+00, -3.858e-05, 1.412e-04, 3.200e-01, 3.200e-01, 4.400e+00, 2.850e+00, -6.700e-01, 0.000e+00
1.800e-02, 2.814e+00, -4.693e-05, 1.424e-04, 3.200e-01, 3.200e-01, 4.400e+00, 2.850e+00, -6.700e-01, 0.000e+00
1.850e-02, 2.811e+00, -5.550e-05, 1.430e-04, 3.200e-01, 3.200e-01, 4.400e+00, 2.850e+00, -6.700e-01, 0.000e+00
1.900e-02, 2.807e+00, -6.427e-05, 1.431e-04, 3.200e-01, 3.200e-01, 4.400e+00, 2.850e+00, -6.700e-01, 0.000e+00
1.950e-02, 2.804e+00, -7.320e-05, 1.426e-04, 3.200e-01, 3.200e-01, 4.400e+00, 2.850e+00, -6.700e-01, 0.000e+00
2.000e-02, 2.801e+00, -8.225e-05, 1.416e-04, 3.200e-01, 3.200e-01, 4.400e+00, 2.850e+00, -6.700e-01, 0.000e+00
2.050e-02, 2.798e+00, -9.138e-05, 1.399e-04, 3.200e-01, 3.200e-01, 4.400e+00, 2.850e+00, -6.700e-01, 0.000e+00
2.100e-02, 2.794e+00, -1.006e-04, 1.377e-04, 3.200e-01, 3.200e-01, 4.400e+00, 2.850e+00, -6.700e-01, 0.000e+00
2.150e-02, 2.791e+00, -1.097e-04, 1.348e-04, 3.200e-01, 3.200e-01, 4.400e+00, 2.850e+00, -6.700e-01, 0.000e+00
2.200e-02, 2.788e+00, -1.189e-04, 1.314e-04, 3.200e-01, 3.200e-01, 4.400e+00, 2.850e+00, -6.700e-01, 0.000e+00
2.250e-02, 2.784e+00, -1.280e-04, 1.273e-04, 3.200e-01, 3.200e-01, 4.400e+00, 2.850e+00, -6.700e-01, 0.000e+00
2.300e-02, 2.781e+00, -1.369e-04, 1.226e-04, 3.200e-01, 3.200e-01, 4.400e+00, 2.850e+00, -6.700e-01, 0.000e+00
2.350e-02, 2.778e+00, -1.457e-04, 1.173e-04, 3.200e-01, 3.200e-01, 4.400e+00, 2.850e+00, -6.700e-01, 0.000e+00
2.400e-02, 2.775e+00, -1.543e-04, 1.113e-04, 3.200e-01, 3.200e-01, 4.400e+00, 2.850e+00, -6.700e-01, 0.000e+00
2.450e-02, 2.771e+00, -1.627e-04, 1.048e-04, 3.200e-01, 3.200e-01, 4.400e+00, 2.850e+00, -6.700e-01, 0.000e+00
2.500e-02, 2.768e+00, -1.708e-04, 9.763e-05, 3.200e-01, 3.200e-01, 4.400e+00, 2.850e+00, -6.700e-01, 0.000e+00
2.550e-02, 2.765e+00, -1.785e-04, 8.991e-05, 3.200e-01, 3.200e-01, 4.400e+00, 2.850e+00, -6.700e-01, 0.000e+00
2.600e-02, 2.762e+00, -1.859e-04, 8.161e-05, 3.200e-01, 3.200e-01, 4.400e+00, 2.850e+00, -6.700e-01, 0.000e+00
2.650e-02, 2.759e+00, -1.929e-04, 7.277e-05, 3.200e-01, 3.200e-01, 4.400e+00, 2.850e+00, -6.700e-01, 0.000e+00
2.700e-02, 2.755e+00, -1.995e-04, 6.338e-05, 3.200e-01, 3.200e-01, 4.400e+00, 2.850e+00, -6.700e-01, 0.000e+00
2.750e-02, 2.752e+00, -2.055e-04, 5.347e-05, 3.200e-01, 3.200e-01, 4.400e+00, 2.850e+00, -6.700e-01, 0.000e+00
2.800e-02, 2.749e+00, -2.111e-04, 4.319e-05, 3.200e-01, 3.200e-01, 4.400e+00, 2.850e+00, -6.700e-01, 0.000e+00
2.850e-02, 2.746e+00, -2.159e-04, 3.286e-05, 3.200e-01, 3.200e-01, 4.400e+00, 2.850e+00, -6.700e-01, 0.000e+00
2.900e-02, 2.743e+00, -2.201e-04, 2.212e-05, 3.200e-01, 3.200e-01, 4.400e+00, 2.850e+00, -6.700e-01, 0.000e+00
2.950e-02, 2.740e+00, -2.239e-04, 1.099e-05, 3.200e-01, 3.200e-01, 4.400e+00, 2.850e+00, -6.700e-01, 0.000e+00
3.000e-02, 2.737e+00, -2.270e-04, -4.833e-07, 3.200e-01, 3.200e-01, 4.400e+00, 2.850e+00, -6.700e-01, 0.000e+00
3.050e-02, 2.734e+00, -2.296e-04, -1.228e-05, 3.200e-01, 3.200e-01, 4.400e+00, 2.850e+00, -6.700e-01, 0.000e+00
3.100e-02, 2.730e+00, -2.315e-04, -2.447e-05, 3.200e-01, 3.200e-01, 4.400e+00, 2.850e+00, -6.700e-01, 0.000e+00
3.150e-02, 2.727e+00, -2.327e-04, -3.691e-05, 3.200e-01, 3.200e-01, 4.400e+00, 2.850e+00, -6.700e-01, 0.000e+00
3.200e-02, 2.724e+00, -2.333e-04, -4.957e-05, 3.200e-01, 3.200e-01, 4.400e+00, 2.850e+00, -6.700e-01, 0.000e+00
3.250e-02, 2.721e+00, -2.331e-04, -6.239e-05, 3.200e-01, 3.200e-01, 4.400e+00, 2.850e+00, -6.700e-01, 0.000e+00
3.300e-02, 2.718e+00, -2.322e-04, -7.533e-05, 3.200e-01, 3.200e-01, 4.400e+00, 2.850e+00, -6.700e-01, 0.000e+00
3.350e-02, 2.715e+00, -2.306e-04, -8.837e-05, 3.200e-01, 3.200e-01, 4.400e+00, 2.850e+00, -6.700e-01, 0.000e+00
3.400e-02, 2.712e+00, -2.282e-04, -1.014e-04, 3.200e-01, 3.200e-01, 4.400e+00, 2.850e+00, -6.700e-01, 0.000e+00
3.450e-02, 2.709e+00, -2.250e-04, -1.145e-04, 3.200e-01, 3.200e-01, 4.400e+00, 2.850e+00, -6.700e-01, 0.000e+00
3.500e-02, 2.706e+00, -2.211e-04, -1.275e-04, 3.200e-01, 3.200e-01, 4.400e+00, 2.850e+00, -6.700e-01, 0.000e+00
3.550e-02, 2.703e+00, -2.164e-04, -1.404e-04, 3.200e-01, 3.200e-01, 4.400e+00, 2.850e+00, -6.700e-01, 0.000e+00
3.600e-02, 2.700e+00, -2.109e-04, -1.532e-04, 3.200e-01, 3.200e-01, 4.400e+00, 2.850e+00, -6.700e-01, 0.000e+00
3.650e-02, 2.697e+00, -2.047e-04, -1.658e-04, 3.200e-01, 3.200e-01, 4.400e+00, 2.850e+00, -6.700e-01, 0.000e+00
3.700e-02, 2.693e+00, -1.977e-04, -1.781e-04, 3.200e-01, 3.200e-01, 4.400e+00, 2.850e+00, -6.700e-01, 0.000e+00
3.750e-02, 2.690e+00, -1.899e-04, -1.902e-04, 3.200e-01, 3.200e-01, 4.400e+00, 2.850e+00, -6.700e-01, 0.000e+00
3.800e-02, 2.687e+00, -1.813e-04, -2.019e-04, 3.200e-01, 3.200e-01, 4.400e+00, 2.850e+00, -6.700e-01, 0.000e+00
3.850e-02, 2.684e+00, -1.721e-04, -2.133e-04, 3.200e-01, 3.200e-01, 4.400e+00, 2.850e+00, -6.700e-01, 0.000e+00
3.900e-02, 2.681e+00, -1.621e-04, -2.242e-04, 3.200e-01, 3.200e-01, 4.400e+00, 2.850e+00, -6.700e-01, 0.000e+00
3.950e-02, 2.678e+00, -1.514e-04, -2.347e-04, 3.200e-01, 3.200e-01, 4.400e+00, 2.850e+00, -6.700e-01, 0.000e+00
4.000e-02, 2.675e+00, -1.400e-04, -2.447e-04, 3.200e-01, 3.200e-01, 4.400e+00, 2.850e+00, -6.700e-01, 0.000e+00
4.050e-02, 2.672e+00, -1.280e-04, -2.541e-04, 3.200e-01, 3.200e-01, 4.400e+00, 2.850e+00, -6.700e-01, 0.000e+00
4.100e-02, 2.669e+00, -1.153e-04, -2.629e-04, 3.200e-01, 3.200e-01, 4.400e+00, 2.850e+00, -6.700e-01, 0.000e+00
4.150e-02, 2.666e+00, -1.024e-04, -2.709e-04, 3.200e-01, 3.200e-01, 4.400e+00, 2.850e+00, -6.700e-01, 0.000e+00
4.200e-02, 2.663e+00, -8.920e-05, -2.781e-04, 3.200e-01, 3.200e-01, 4.400e+00, 2.850e+00, -6.700e-01, 0.000e+00
4.250e-02, 2.660e+00, -7.548e-05, -2.846e-04, 3.200e-01, 3.200e-01, 4.400e+00, 2.850e+00, -6.700e-01, 0.000e+00
4.300e-02, 2.657e+00, -6.129e-05, -2.905e-04, 3.200e-01, 3.200e-01, 4.400e+00, 2.850e+00, -6.700e-01, 0.000e+00
4.350e-02, 2.654e+00, -4.666e-05, -2.956e-04, 3.200e-01, 3.200e-01, 4.400e+00, 2.850e+00, -6.700e-01, 0.000e+00
4.400e-02, 2.652e+00, -3.171e-05, -3.000e-04, 3.200e-01, 3.200e-01, 4.400e+00, 2.850e+00, -6.700e-01, 0.000e+00
4.450e-02, 2.649e+00, -1.640e-05, -3.036e-04, 3.200e-01, 3.200e-01, 4.400e+00, 2.850e+00, -6.700e-01, 0.000e+00
4.500e-02, 2.646e+00, -7.776e-07, -3.064e-04, 3.200e-01, 3.200e-01, 4.400e+00, 2.850e+00, -6.700e-01, 0.000e+00
4.550e-02, 2.643e+00, 1.511e-05, -3.084e-04, 3.200e-01, 3.200e-01, 4.400e+00, 2.850e+00, -6.700e-01, 0.000e+00
4.600e-02, 2.640e+00, 3.139e-05, -3.096e-04, 3.200e-01, 3.200e-01, 4.400e+00, 2.850e+00, -6.700e-01, 0.000e+00
4.650e-02, 2.637e+00, 4.786e-05, -3.099e-04, 3.200e-01, 3.200e-01, 4.400e+00, 2.850e+00, -6.700e-01, 0.000e+00
4.700e-02, 2.634e+00, 6.446e-05, -3.093e-04, 3.200e-01, 3.200e-01, 4.400e+00, 2.850e+00, -6.700e-01, 0.000e+00
4.750e-02, 2.631e+00, 8.546e-05, -3.072e-04, 3.200e-01, 3.200e-01, 4.400e+00, 2.850e+00, -6.700e-01, 0.000e+00
4.800e-02, 2.628e+00, 1.020e-04, -3.045e-04, 3.200e-01, 3.200e-01, 4.400e+00, 2.850e+00, -6.700e-01, 0.000e+00
4.850e-02, 2.625e+00, 1.186e-04, -3.009e-04, 3.200e-01, 3.200e-01, 4.400e+00, 2.850e+00, -6.700e-01, 0.000e+00
4.900e-02, 2.622e+00, 1.351e-04, -2.964e-04, 3.200e-01, 3.200e-01, 4.400e+00, 2.850e+00, -6.700e-01, 0.000e+00
4.950e-02, 2.619e+00, 1.515e-04, -2.910e-04, 3.200e-01, 3.200e-01, 4.400e+00, 2.850e+00, -6.700e-01, 0.000e+00
5.000e-02, 2.616e+00, 1.676e-04, -2.846e-04, 3.200e-01, 3.200e-01, 4.400e+00, 2.850e+00, -6.700e-01, 0.000e+00
5.050e-02, 2.614e+00, 1.798e-04, -2.792e-04, 3.200e-01, 3.200e-01, 4.400e+00, 2.850e+00, -6.700e-01, 0.000e+00
5.100e-02, 2.611e+00, 1.955e-04, -2.712e-04, 3.200e-01, 3.200e-01, 4.400e+00, 2.850e+00, -6.700e-01, 0.000e+00
5.150e-02, 2.608e+00, 2.109e-04, -2.623e-04, 3.200e-01, 3.200e-01, 4.400e+00, 2.850e+00, -6.700e-01, 0.000e+00
5.200e-02, 2.605e+00, 2.259e-04, -2.525e-04, 3.200e-01, 3.200e-01, 4.400e+00, 2.850e+00, -6.700e-01, 0.000e+00
5.250e-02, 2.602e+00, 2.405e-04, -2.418e-04, 3.200e-01, 3.200e-01, 4.400e+00, 2.850e+00, -6.700e-01, 0.000e+00
5.300e-02, 2.600e+00, 2.545e-04, -2.303e-04, 3.200e-01, 3.200e-01, 4.400e+00, 2.850e+00, -6.700e-01, 0.000e+00
5.350e-02, 2.597e+00, 2.681e-04, -2.180e-04, 3.200e-01, 3.200e-01, 4.400e+00, 2.850e+00, -6.700e-01, 0.000e+00
5.400e-02, 2.594e+00, 2.810e-04, -2.048e-04, 3.200e-01, 3.200e-01, 4.400e+00, 2.850e+00, -6.700e-01, 0.000e+00
5.450e-02, 2.591e+00, 2.933e-04, -1.908e-04, 3.200e-01, 3.200e-01, 4.400e+00, 2.850e+00, -6.700e-01, 0.000e+00
5.500e-02, 2.588e+00, 3.049e-04, -1.761e-04, 3.200e-01, 3.200e-01, 4.400e+00, 2.850e+00, -6.700e-01, 0.000e+00
5.550e-02, 2.585e+00, 3.154e-04, -1.611e-04, 3.200e-01, 3.200e-01, 4.400e+00, 2.850e+00, -6.700e-01, 0.000e+00
5.600e-02, 2.583e+00, 3.251e-04, -1.457e-04, 3.200e-01, 3.200e-01, 4.400e+00, 2.850e+00, -6.700e-01, 0.000e+00
5.650e-02, 2.580e+00, 3.341e-04, -1.297e-04, 3.200e-01, 3.200e-01, 4.400e+00, 2.850e+00, -6.700e-01, 0.000e+00
5.700e-02, 2.577e+00, 3.422e-04, -1.132e-04, 3.200e-01, 3.200e-01, 4.400e+00, 2.850e+00, -6.700e-01, 0.000e+00
5.750e-02, 2.575e+00, 3.495e-04, -9.605e-05, 3.200e-01, 3.200e-01, 4.400e+00, 2.850e+00, -6.700e-01, 0.000e+00
5.800e-02, 2.572e+00, 3.560e-04, -7.847e-05, 3.200e-01, 3.200e-01, 4.400e+00, 2.850e+00, -6.700e-01, 0.000e+00
5.850e-02, 2.569e+00, 3.616e-04, -6.044e-05, 3.200e-01, 3.200e-01, 4.400e+00, 2.850e+00, -6.700e-01, 0.000e+00
5.900e-02, 2.566e+00, 3.662e-04, -4.203e-05, 3.200e-01, 3.200e-01, 4.400e+00, 2.850e+00, -6.700e-01, 0.000e+00
5.950e-02, 2.564e+00, 3.699e-04, -2.327e-05, 3.200e-01, 3.200e-01, 4.400e+00, 2.850e+00, -6.700e-01, 0.000e+00
6.000e-02, 2.560e+00, 3.736e-04, 4.658e-06, 3.200e-01, 3.200e-01, 4.400e+00, 2.850e+00, -6.700e-01, 0.000e+00
6.050e-02, 2.557e+00, 3.749e-04, 2.393e-05, 3.200e-01, 3.200e-01, 4.400e+00, 2.850e+00, -6.700e-01, 0.000e+00
6.100e-02, 2.554e+00, 3.751e-04, 4.367e-05, 3.200e-01, 3.200e-01, 4.400e+00, 2.850e+00, -6.700e-01, 0.000e+00
6.150e-02, 2.552e+00, 3.743e-04, 6.359e-05, 3.200e-01, 3.200e-01, 4.400e+00, 2.850e+00, -6.700e-01, 0.000e+00
6.200e-02, 2.549e+00, 3.724e-04, 8.358e-05, 3.200e-01, 3.200e-01, 4.400e+00, 2.850e+00, -6.700e-01, 0.000e+00
6.250e-02, 2.546e+00, 3.695e-04, 1.036e-04, 3.200e-01, 3.200e-01, 4.400e+00, 2.850e+00, -6.700e-01, 0.000e+00
6.300e-02, 2.543e+00, 3.654e-04, 1.235e-04, 3.200e-01, 3.200e-01, 4.400e+00, 2.850e+00, -6.700e-01, 0.000e+00
6.350e-02, 2.542e+00, 3.628e-04, 1.343e-04, 3.200e-01, 3.200e-01, 4.400e+00, 2.850e+00, -6.700e-01, 0.000e+00
6.400e-02, 2.539e+00, 3.570e-04, 1.540e-04, 3.200e-01, 3.200e-01, 4.400e+00, 2.850e+00, -6.700e-01, 0.000e+00
6.450e-02, 2.536e+00, 3.502e-04, 1.734e-04, 3.200e-01, 3.200e-01, 4.400e+00, 2.850e+00, -6.700e-01, 0.000e+00
6.500e-02, 2.534e+00, 3.423e-04, 1.926e-04, 3.200e-01, 3.200e-01, 4.400e+00, 2.850e+00, -6.700e-01, 0.000e+00
6.550e-02, 2.531e+00, 3.334e-04, 2.114e-04, 3.200e-01, 3.200e-01, 4.400e+00, 2.850e+00, -6.700e-01, 0.000e+00
6.600e-02, 2.528e+00, 3.233e-04, 2.299e-04, 3.200e-01, 3.200e-01, 4.400e+00, 2.850e+00, -6.700e-01, 0.000e+00
6.650e-02, 2.526e+00, 3.123e-04, 2.478e-04, 3.200e-01, 3.200e-01, 4.400e+00, 2.850e+00, -6.700e-01, 0.000e+00
6.700e-02, 2.523e+00, 3.002e-04, 2.653e-04, 3.200e-01, 3.200e-01, 4.400e+00, 2.850e+00, -6.700e-01, 0.000e+00
6.750e-02, 2.520e+00, 2.871e-04, 2.822e-04, 3.200e-01, 3.200e-01, 4.400e+00, 2.850e+00, -6.700e-01, 0.000e+00
6.800e-02, 2.517e+00, 2.731e-04, 2.984e-04, 3.200e-01, 3.200e-01, 4.400e+00, 2.850e+00, -6.700e-01, 0.000e+00
6.850e-02, 2.515e+00, 2.581e-04, 3.140e-04, 3.200e-01, 3.200e-01, 4.400e+00, 2.850e+00, -6.700e-01, 0.000e+00
6.900e-02, 2.512e+00, 2.422e-04, 3.288e-04, 3.200e-01, 3.200e-01, 4.400e+00, 2.850e+00, -6.700e-01, 0.000e+00
6.950e-02, 2.509e+00, 2.254e-04, 3.429e-04, 3.200e-01, 3.200e-01, 4.400e+00, 2.850e+00, -6.700e-01, 0.000e+00
7.000e-02, 2.507e+00, 2.084e-04, 3.556e-04, 3.200e-01, 3.200e-01, 4.400e+00, 2.850e+00, -6.700e-01, 0.000e+00
7.050e-02, 2.504e+00, 1.866e-04, 3.700e-04, 3.200e-01, 3.200e-01, 4.400e+00, 2.850e+00, -6.700e-01, 0.000e+00
7.100e-02, 2.501e+00, 1.683e-04, 3.807e-04, 3.200e-01, 3.200e-01, 4.400e+00, 2.850e+00, -6.700e-01, 0.000e+00
7.150e-02, 2.498e+00, 1.493e-04, 3.905e-04, 3.201e-01, 3.201e-01, 4.405e+00, 2.849e+00, -6.700e-01, 0.000e+00
7.200e-02, 2.496e+00, 1.296e-04, 3.994e-04, 3.203e-01, 3.203e-01, 4.414e+00, 2.848e+00, -6.700e-01, 0.000e+00
7.250e-02, 2.493e+00, 1.095e-04, 4.072e-04, 3.204e-01, 3.204e-01, 4.422e+00, 2.846e+00, -6.700e-01, 0.000e+00
7.300e-02, 2.491e+00, 8.876e-05, 4.141e-04, 3.206e-01, 3.206e-01, 4.431e+00, 2.845e+00, -6.700e-01, 0.000e+00
7.350e-02, 2.488e+00, 6.761e-05, 4.199e-04, 3.207e-01, 3.207e-01, 4.439e+00, 2.843e+00, -6.700e-01, 0.000e+00
7.400e-02, 2.486e+00, 4.606e-05, 4.246e-04, 3.209e-01, 3.209e-01, 4.448e+00, 2.842e+00, -6.700e-01, 0.000e+00
7.450e-02, 2.484e+00, 2.941e-05, 4.275e-04, 3.210e-01, 3.210e-01, 4.454e+00, 2.841e+00, -6.700e-01, 0.000e+00
7.500e-02, 2.480e+00, -2.518e-06, 4.311e-04, 3.213e-01, 3.213e-01, 4.467e+00, 2.839e+00, -6.700e-01, 0.000e+00
7.550e-02, 2.477e+00, -2.471e-05, 4.322e-04, 3.214e-01, 3.214e-01, 4.475e+00, 2.837e+00, -6.700e-01, 0.000e+00
7.600e-02, 2.475e+00, -4.738e-05, 4.321e-04, 3.216e-01, 3.216e-01, 4.484e+00, 2.836e+00, -6.700e-01, 0.000e+00
7.650e-02, 2.472e+00, -7.026e-05, 4.308e-04, 3.218e-01, 3.218e-01, 4.492e+00, 2.834e+00, -6.700e-01, 0.000e+00
7.700e-02, 2.470e+00, -9.317e-05, 4.283e-04, 3.219e-01, 3.219e-01, 4.501e+00, 2.833e+00, -6.700e-01, 0.000e+00
7.750e-02, 2.468e+00, -1.110e-04, 4.255e-04, 3.220e-01, 3.220e-01, 4.508e+00, 2.832e+00, -6.700e-01, 0.000e+00
7.800e-02, 2.465e+00, -1.336e-04, 4.209e-04, 3.222e-01, 3.222e-01, 4.516e+00, 2.830e+00, -6.700e-01, 0.000e+00
7.850e-02, 2.463e+00, -1.560e-04, 4.150e-04, 3.224e-01, 3.224e-01, 4.525e+00, 2.829e+00, -6.700e-01, 0.000e+00
7.900e-02, 2.460e+00, -1.782e-04, 4.079e-04, 3.225e-01, 3.225e-01, 4.533e+00, 2.827e+00, -6.700e-01, 0.000e+00
7.950e-02, 2.457e+00, -2.001e-04, 3.997e-04, 3.227e-01, 3.227e-01, 4.542e+00, 2.826e+00, -6.700e-01, 0.000e+00
8.000e-02, 2.455e+00, -2.216e-04, 3.902e-04, 3.229e-01, 3.229e-01, 4.550e+00, 2.824e+00, -6.700e-01, 0.000e+00
8.050e-02, 2.452e+00, -2.428e-04, 3.795e-04, 3.230e-01, 3.230e-01, 4.559e+00, 2.823e+00, -6.700e-01, 0.000e+00
8.100e-02, 2.450e+00, -2.634e-04, 3.677e-04, 3.232e-01, 3.232e-01, 4.567e+00, 2.822e+00, -6.700e-01, 0.000e+00
8.150e-02, 2.447e+00, -2.835e-04, 3.547e-04, 3.233e-01, 3.233e-01, 4.576e+00, 2.820e+00, -6.700e-01, 0.000e+00
8.200e-02, 2.445e+00, -3.030e-04, 3.406e-04, 3.235e-01, 3.235e-01, 4.585e+00, 2.819e+00, -6.700e-01, 0.000e+00
8.250e-02, 2.442e+00, -3.219e-04, 3.254e-04, 3.237e-01, 3.237e-01, 4.593e+00, 2.817e+00, -6.700e-01, 0.000e+00
8.300e-02, 2.440e+00, -3.366e-04, 3.122e-04, 3.238e-01, 3.238e-01, 4.600e+00, 2.816e+00, -6.700e-01, 0.000e+00
8.350e-02, 2.437e+00, -3.540e-04, 2.952e-04, 3.240e-01, 3.240e-01, 4.608e+00, 2.815e+00, -6.700e-01, 0.000e+00
8.400e-02, 2.435e+00, -3.705e-04, 2.771e-04, 3.241e-01, 3.241e-01, 4.617e+00, 2.813e+00, -6.700e-01, 0.000e+00
8.450e-02, 2.432e+00, -3.859e-04, 2.583e-04, 3.243e-01, 3.243e-01, 4.625e+00, 2.812e+00, -6.700e-01, 0.000e+00
8.500e-02, 2.430e+00, -4.000e-04, 2.393e-04, 3.244e-01, 3.244e-01, 4.634e+00, 2.810e+00, -6.700e-01, 0.000e+00
8.550e-02, 2.427e+00, -4.132e-04, 2.194e-04, 3.246e-01, 3.246e-01, 4.642e+00, 2.809e+00, -6.700e-01, 0.000e+00
8.600e-02, 2.425e+00, -4.254e-04, 1.988e-04, 3.247e-01, 3.247e-01, 4.650e+00, 2.808e+00, -6.700e-01, 0.000e+00
8.650e-02, 2.423e+00, -4.365e-04, 1.774e-04, 3.249e-01, 3.249e-01, 4.658e+00, 2.806e+00, -6.700e-01, 0.000e+00
8.700e-02, 2.420e+00, -4.467e-04, 1.554e-04, 3.251e-01, 3.251e-01, 4.666e+00, 2.805e+00, -6.700e-01, 0.000e+00
8.750e-02, 2.418e+00, -4.557e-04, 1.328e-04, 3.252e-01, 3.252e-01, 4.674e+00, 2.803e+00, -6.700e-01, 0.000e+00
8.800e-02, 2.414e+00, -4.668e-04, 9.886e-05, 3.254e-01, 3.254e-01, 4.686e+00, 2.801e+00, -6.700e-01, 0.000e+00
8.850e-02, 2.412e+00, -4.729e-04, 7.520e-05, 3.256e-01, 3.256e-01, 4.694e+00, 2.800e+00, -6.700e-01, 0.000e+00
8.900e-02, 2.409e+00, -4.778e-04, 5.113e-05, 3.257e-01, 3.257e-01, 4.702e+00, 2.799e+00, -6.700e-01, 0.000e+00
8.950e-02, 2.407e+00, -4.814e-04, 2.673e-05, 3.259e-01, 3.259e-01, 4.710e+00, 2.797e+00, -6.700e-01, 0.000e+00
9.000e-02, 2.404e+00, -4.839e-04, 2.053e-06, 3.261e-01, 3.261e-01, 4.719e+00, 2.796e+00, -6.700e-01, 0.000e+00
9.050e-02, 2.402e+00, -4.850e-04, -2.283e-05, 3.262e-01, 3.262e-01, 4.727e+00, 2.794e+00, -6.700e-01, 0.000e+00
9.100e-02, 2.400e+00, -4.849e-04, -4.817e-05, 3.264e-01, 3.264e-01, 4.735e+00, 2.793e+00, -6.700e-01, 0.000e+00
9.150e-02, 2.397e+00, -4.834e-04, -7.381e-05, 3.265e-01, 3.265e-01, 4.743e+00, 2.792e+00, -6.700e-01, 0.000e+00
9.200e-02, 2.395e+00, -4.805e-04, -9.946e-05, 3.267e-01, 3.267e-01, 4.751e+00, 2.790e+00, -6.700e-01, 0.000e+00
9.250e-02, 2.392e+00, -4.763e-04, -1.250e-04, 3.268e-01, 3.268e-01, 4.760e+00, 2.789e+00, -6.700e-01, 0.000e+00
9.300e-02, 2.390e+00, -4.707e-04, -1.505e-04, 3.270e-01, 3.270e-01, 4.768e+00, 2.787e+00, -6.700e-01, 0.000e+00
9.350e-02, 2.387e+00, -4.637e-04, -1.757e-04, 3.271e-01, 3.271e-01, 4.776e+00, 2.786e+00, -6.700e-01, 0.000e+00
9.400e-02, 2.385e+00, -4.554e-04, -2.006e-04, 3.273e-01, 3.273e-01, 4.784e+00, 2.785e+00, -6.700e-01, 0.000e+00
9.450e-02, 2.382e+00, -4.457e-04, -2.252e-04, 3.275e-01, 3.275e-01, 4.792e+00, 2.783e+00, -6.700e-01, 0.000e+00
9.500e-02, 2.380e+00, -4.346e-04, -2.493e-04, 3.276e-01, 3.276e-01, 4.801e+00, 2.782e+00, -6.700e-01, 0.000e+00
9.550e-02, 2.378e+00, -4.280e-04, -2.623e-04, 3.277e-01, 3.277e-01, 4.805e+00, 2.781e+00, -6.700e-01, 0.000e+00
9.600e-02, 2.376e+00, -4.150e-04, -2.855e-04, 3.279e-01, 3.279e-01, 4.813e+00, 2.780e+00, -6.700e-01, 0.000e+00
9.650e-02, 2.374e+00, -4.007e-04, -3.081e-04, 3.280e-01, 3.280e-01, 4.822e+00, 2.778e+00, -6.700e-01, 0.000e+00
9.700e-02, 2.371e+00, -3.851e-04, -3.300e-04, 3.282e-01, 3.282e-01, 4.830e+00, 2.777e+00, -6.700e-01, 0.000e+00
9.750e-02, 2.369e+00, -3.683e-04, -3.511e-04, 3.283e-01, 3.283e-01, 4.838e+00, 2.776e+00, -6.700e-01, 0.000e+00
9.800e-02, 2.366e+00, -3.504e-04, -3.714e-04, 3.285e-01, 3.285e-01, 4.846e+00, 2.774e+00, -6.700e-01, 0.000e+00
9.850e-02, 2.363e+00, -3.278e-04, -3.940e-04, 3.287e-01, 3.287e-01, 4.856e+00, 2.773e+00, -6.700e-01, 0.000e+00
9.900e-02, 2.361e+00, -3.074e-04, -4.123e-04, 3.288e-01, 3.288e-01, 4.864e+00, 2.771e+00, -6.700e-01, 0.000e+00
9.950e-02, 2.358e+00, -2.864e-04, -4.292e-04, 3.290e-01, 3.290e-01, 4.872e+00, 2.770e+00, -6.700e-01, 0.000e+00
1.000e-01, 2.356e+00, -2.650e-04, -4.446e-04, 3.291e-01, 3.291e-01, 4.880e+00, 2.768e+00, -6.700e-01, 0.000e+00
1.005e-01, 2.354e+00, -2.428e-04, -4.590e-04, 3.293e-01, 3.293e-01, 4.887e+00, 2.767e+00, -6.700e-01, 0.000e+00
1.010e-01, 2.351e+00, -2.198e-04, -4.723e-04, 3.294e-01, 3.294e-01, 4.895e+00, 2.766e+00, -6.700e-01, 0.000e+00
1.015e-01, 2.349e+00, -1.959e-04, -4.844e-04, 3.296e-01, 3.296e-01, 4.903e+00, 2.764e+00, -6.700e-01, 0.000e+00
1.020e-01, 2.347e+00, -1.713e-04, -4.954e-04, 3.297e-01, 3.297e-01, 4.911e+00, 2.763e+00, -6.700e-01, 0.000e+00
1.025e-01, 2.344e+00, -1.461e-04, -5.051e-04, 3.299e-01, 3.299e-01, 4.919e+00, 2.762e+00, -6.700e-01, 0.000e+00
1.030e-01, 2.342e+00, -1.203e-04, -5.136e-04, 3.300e-01, 3.300e-01, 4.926e+00, 2.761e+00, -6.700e-01, 0.000e+00
1.035e-01, 2.339e+00, -8.769e-05, -5.222e-04, 3.302e-01, 3.302e-01, 4.936e+00, 2.759e+00, -6.700e-01, 0.000e+00
1.040e-01, 2.337e+00, -6.114e-05, -5.276e-04, 3.303e-01, 3.303e-01, 4.944e+00, 2.758e+00, -6.700e-01, 0.000e+00
1.045e-01, 2.335e+00, -3.423e-05, -5.317e-04, 3.305e-01, 3.305e-01, 4.951e+00, 2.756e+00, -6.700e-01, 0.000e+00
1.050e-01, 2.332e+00, -7.019e-06, -5.344e-04, 3.306e-01, 3.306e-01, 4.959e+00, 2.755e+00, -6.700e-01, 0.000e+00
1.055e-01, 2.330e+00, 2.041e-05, -5.357e-04, 3.308e-01, 3.308e-01, 4.967e+00, 2.754e+00, -6.700e-01, 0.000e+00
1.060e-01, 2.328e+00, 4.826e-05, -5.356e-04, 3.309e-01, 3.309e-01, 4.975e+00, 2.752e+00, -6.700e-01, 0.000e+00
1.065e-01, 2.325e+00, 7.654e-05, -5.340e-04, 3.311e-01, 3.311e-01, 4.983e+00, 2.751e+00, -6.700e-01, 0.000e+00
1.070e-01, 2.323e+00, 1.048e-04, -5.308e-04, 3.312e-01, 3.312e-01, 4.990e+00, 2.750e+00, -6.700e-01, 0.000e+00
1.075e-01, 2.321e+00, 1.330e-04, -5.262e-04, 3.314e-01, 3.314e-01, 4.998e+00, 2.748e+00, -6.700e-01, 0.000e+00
1.080e-01, 2.318e+00, 1.610e-04, -5.201e-04, 3.315e-01, 3.315e-01, 5.006e+00, 2.747e+00, -6.700e-01, 0.000e+00
1.085e-01, 2.316e+00, 1.823e-04, -5.144e-04, 3.316e-01, 3.316e-01, 5.012e+00, 2.746e+00, -6.700e-01, 0.000e+00
1.090e-01, 2.314e+00, 2.095e-04, -5.057e-04, 3.318e-01, 3.318e-01, 5.020e+00, 2.745e+00, -6.700e-01, 0.000e+00
1.095e-01, 2.312e+00, 2.364e-04, -4.955e-04, 3.319e-01, 3.319e-01, 5.028e+00, 2.743e+00, -6.700e-01, 0.000e+00
1.100e-01, 2.309e+00, 2.628e-04, -4.840e-04, 3.321e-01, 3.321e-01, 5.035e+00, 2.742e+00, -6.700e-01, 0.000e+00
1.105e-01, 2.307e+00, 2.887e-04, -4.709e-04, 3.322e-01, 3.322e-01, 5.043e+00, 2.741e+00, -6.700e-01, 0.000e+00
1.110e-01, 2.305e+00, 3.140e-04, -4.565e-04, 3.324e-01, 3.324e-01, 5.051e+00, 2.739e+00, -6.700e-01, 0.000e+00
1.115e-01, 2.302e+00, 3.386e-04, -4.407e-04, 3.325e-01, 3.325e-01, 5.059e+00, 2.738e+00, -6.700e-01, 0.000e+00
1.120e-01, 2.300e+00, 3.624e-04, -4.235e-04, 3.327e-01, 3.327e-01, 5.067e+00, 2.737e+00, -6.700e-01, 0.000e+00
1.125e-01, 2.298e+00, 3.854e-04, -4.050e-04, 3.328e-01, 3.328e-01, 5.074e+00, 2.735e+00, -6.700e-01, 0.000e+00
1.130e-01, 2.295e+00, 4.075e-04, -3.852e-04, 3.330e-01, 3.330e-01, 5.082e+00, 2.734e+00, -6.700e-01, 0.000e+00
1.135e-01, 2.293e+00, 4.286e-04, -3.642e-04, 3.331e-01, 3.331e-01, 5.090e+00, 2.733e+00, -6.700e-01, 0.000e+00
1.140e-01, 2.291e+00, 4.454e-04, -3.457e-04, 3.332e-01, 3.332e-01, 5.096e+00, 2.732e+00, -6.700e-01, 0.000e+00
1.145e-01, 2.289e+00, 4.639e-04, -3.233e-04, 3.334e-01, 3.334e-01, 5.104e+00, 2.730e+00, -6.700e-01, 0.000e+00
1.150e-01, 2.287e+00, 4.811e-04, -3.002e-04, 3.335e-01, 3.335e-01, 5.111e+00, 2.729e+00, -6.700e-01, 0.000e+00
1.155e-01, 2.284e+00, 4.971e-04, -2.761e-04, 3.337e-01, 3.337e-01, 5.119e+00, 2.728e+00, -6.700e-01, 0.000e+00
1.160e-01, 2.282e+00, 5.120e-04, -2.512e-04, 3.338e-01, 3.338e-01, 5.126e+00, 2.727e+00, -6.700e-01, 0.000e+00
1.165e-01, 2.280e+00, 5.257e-04, -2.253e-04, 3.339e-01, 3.339e-01, 5.134e+00, 2.725e+00, -6.700e-01, 0.000e+00
1.170e-01, 2.277e+00, 5.432e-04, -1.863e-04, 3.341e-01, 3.341e-01, 5.144e+00, 2.723e+00, -6.700e-01, 0.000e+00
1.175e-01, 2.274e+00, 5.535e-04, -1.589e-04, 3.343e-01, 3.343e-01, 5.152e+00, 2.722e+00, -6.700e-01, 0.000e+00
1.180e-01, 2.272e+00, 5.625e-04, -1.309e-04, 3.344e-01, 3.344e-01, 5.159e+00, 2.721e+00, -6.700e-01, 0.000e+00
1.185e-01, 2.270e+00, 5.700e-04, -1.023e-04, 3.346e-01, 3.346e-01, 5.167e+00, 2.720e+00, -6.700e-01, 0.000e+00
1.190e-01, 2.268e+00, 5.761e-04, -7.332e-05, 3.347e-01, 3.347e-01, 5.174e+00, 2.718e+00, -6.700e-01, 0.000e+00
1.195e-01, 2.266e+00, 5.807e-04, -4.393e-05, 3.348e-01, 3.348e-01, 5.181e+00, 2.717e+00, -6.700e-01, 0.000e+00
1.200e-01, 2.263e+00, 5.838e-04, -1.422e-05, 3.350e-01, 3.350e-01, 5.189e+00, 2.716e+00, -6.700e-01, 0.000e+00
1.205e-01, 2.261e+00, 5.854e-04, 1.573e-05, 3.351e-01, 3.351e-01, 5.196e+00, 2.715e+00, -6.700e-01, 0.000e+00
1.210e-01, 2.259e+00, 5.854e-04, 4.599e-05, 3.353e-01, 3.353e-01, 5.203e+00, 2.713e+00, -6.700e-01, 0.000e+00
1.215e-01, 2.257e+00, 5.839e-04, 7.687e-05, 3.354e-01, 3.354e-01, 5.211e+00, 2.712e+00, -6.700e-01, 0.000e+00
1.220e-01, 2.254e+00, 5.806e-04, 1.077e-04, 3.356e-01, 3.355e-01, 5.218e+00, 2.711e+00, -6.700e-01, 0.000e+00
1.225e-01, 2.252e+00, 5.758e-04, 1.385e-04, 3.357e-01, 3.357e-01, 5.226e+00, 2.710e+00, -6.700e-01, 0.000e+00
1.230e-01, 2.250e+00, 5.693e-04, 1.691e-04, 3.358e-01, 3.358e-01, 5.233e+00, 2.708e+00, -6.700e-01, 0.000e+00
1.235e-01, 2.248e+00, 5.612e-04, 1.995e-04, 3.360e-01, 3.360e-01, 5.241e+00, 2.707e+00, -6.700e-01, 0.000e+00
1.240e-01, 2.245e+00, 5.514e-04, 2.294e-04, 3.361e-01, 3.361e-01, 5.248e+00, 2.706e+00, -6.700e-01, 0.000e+00
1.245e-01, 2.243e+00, 5.400e-04, 2.590e-04, 3.363e-01, 3.363e-01, 5.256e+00, 2.704e+00, -6.700e-01, 0.000e+00
1.250e-01, 2.241e+00, 5.270e-04, 2.880e-04, 3.364e-01, 3.364e-01, 5.263e+00, 2.703e+00, -6.700e-01, 0.000e+00
1.255e-01, 2.239e+00, 5.125e-04, 3.163e-04, 3.365e-01, 3.365e-01, 5.271e+00, 2.702e+00, -6.700e-01, 0.000e+00
1.260e-01, 2.237e+00, 5.037e-04, 3.319e-04, 3.366e-01, 3.366e-01, 5.275e+00, 2.701e+00, -6.700e-01, 0.000e+00
1.265e-01, 2.235e+00, 4.839e-04, 3.633e-04, 3.368e-01, 3.368e-01, 5.284e+00, 2.700e+00, -6.700e-01, 0.000e+00
1.270e-01, 2.233e+00, 4.654e-04, 3.893e-04, 3.369e-01, 3.369e-01, 5.291e+00, 2.699e+00, -6.700e-01, 0.000e+00
1.275e-01, 2.230e+00, 4.455e-04, 4.145e-04, 3.371e-01, 3.371e-01, 5.299e+00, 2.697e+00, -6.700e-01, 0.000e+00
1.280e-01, 2.228e+00, 4.241e-04, 4.386e-04, 3.372e-01, 3.372e-01, 5.306e+00, 2.696e+00, -6.700e-01, 0.000e+00
1.285e-01, 2.226e+00, 4.014e-04, 4.617e-04, 3.374e-01, 3.374e-01, 5.313e+00, 2.695e+00, -6.700e-01, 0.000e+00
1.290e-01, 2.224e+00, 3.774e-04, 4.837e-04, 3.375e-01, 3.375e-01, 5.321e+00, 2.693e+00, -6.700e-01, 0.000e+00
1.295e-01, 2.222e+00, 3.527e-04, 5.040e-04, 3.376e-01, 3.376e-01, 5.328e+00, 2.692e+00, -6.700e-01, 0.000e+00
1.300e-01, 2.219e+00, 3.275e-04, 5.227e-04, 3.378e-01, 3.378e-01, 5.335e+00, 2.691e+00, -6.700e-01, 0.000e+00
1.305e-01, 2.217e+00, 3.012e-04, 5.401e-04, 3.379e-01, 3.379e-01, 5.342e+00, 2.690e+00, -6.700e-01, 0.000e+00
1.310e-01, 2.215e+00, 2.739e-04, 5.562e-04, 3.380e-01, 3.380e-01, 5.349e+00, 2.689e+00, -6.700e-01, 0.000e+00
1.315e-01, 2.213e+00, 2.457e-04, 5.710e-04, 3.382e-01, 3.382e-01, 5.357e+00, 2.687e+00, -6.700e-01, 0.000e+00
1.320e-01, 2.211e+00, 2.167e-04, 5.844e-04, 3.383e-01, 3.383e-01, 5.364e+00, 2.686e+00, -6.700e-01, 0.000e+00
1.325e-01, 2.209e+00, 1.869e-04, 5.963e-04, 3.384e-01, 3.384e-01, 5.371e+00, 2.685e+00, -6.700e-01, 0.000e+00
1.330e-01, 2.206e+00, 1.487e-04, 6.091e-04, 3.386e-01, 3.386e-01, 5.380e+00, 2.683e+00, -6.700e-01, 0.000e+00
1.335e-01, 2.204e+00, 1.178e-04, 6.174e-04, 3.387e-01, 3.387e-01, 5.387e+00, 2.682e+00, -6.700e-01, 0.000e+00
1.340e-01, 2.202e+00, 8.646e-05, 6.242e-04, 3.389e-01, 3.389e-01, 5.394e+00, 2.681e+00, -6.700e-01, 0.000e+00
1.345e-01, 2.200e+00, 5.466e-05, 6.294e-04, 3.390e-01, 3.390e-01, 5.401e+00, 2.680e+00, -6.700e-01, 0.000e+00
1.350e-01, 2.198e+00, 2.252e-05, 6.330e-04, 3.391e-01, 3.391e-01, 5.408e+00, 2.679e+00, -6.700e-01, 0.000e+00
1.355e-01, 2.196e+00, -9.889e-06, 6.350e-04, 3.392e-01, 3.392e-01, 5.415e+00, 2.678e+00, -6.700e-01, 0.000e+00
1.360e-01, 2.193e+00, -4.250e-05, 6.353e-04, 3.394e-01, 3.394e-01, 5.423e+00, 2.677e+00, -6.700e-01, 0.000e+00
1.365e-01, 2.191e+00, -7.598e-05, 6.338e-04, 3.395e-01, 3.395e-01, 5.430e+00, 2.676e+00, -6.700e-01, 0.000e+00
1.370e-01, 2.189e+00, -1.094e-04, 6.306e-04, 3.396e-01, 3.396e-01, 5.438e+00, 2.675e+00, -6.700e-01, 0.000e+00
1.375e-01, 2.187e+00, -1.428e-04, 6.256e-04, 3.397e-01, 3.397e-01, 5.445e+00, 2.674e+00, -6.700e-01, 0.000e+00
1.380e-01, 2.185e+00, -1.760e-04, 6.188e-04, 3.398e-01, 3.398e-01, 5.453e+00, 2.672e+00, -6.700e-01, 0.000e+00
1.385e-01, 2.183e+00, -2.090e-04, 6.103e-04, 3.400e-01, 3.400e-01, 5.460e+00, 2.671e+00, -6.700e-01, 0.000e+00
1.390e-01, 2.181e+00, -2.415e-04, 6.000e-04, 3.401e-01, 3.401e-01, 5.468e+00, 2.670e+00, -6.700e-01, 0.000e+00
1.395e-01, 2.179e+00, -2.656e-04, 5.911e-04, 3.402e-01, 3.402e-01, 5.474e+00, 2.669e+00, -6.700e-01, 0.000e+00
1.400e-01, 2.177e+00, -2.969e-04, 5.779e-04, 3.403e-01, 3.403e-01, 5.481e+00, 2.668e+00, -6.700e-01, 0.000e+00
1.405e-01, 2.175e+00, -3.275e-04, 5.630e-04, 3.404e-01, 3.404e-01, 5.488e+00, 2.667e+00, -6.700e-01, 0.000e+00
1.410e-01, 2.173e+00, -3.575e-04, 5.465e-04, 3.405e-01, 3.405e-01, 5.496e+00, 2.666e+00, -6.700e-01, 0.000e+00
1.415e-01, 2.170e+00, -3.867e-04, 5.283e-04, 3.406e-01, 3.406e-01, 5.503e+00, 2.665e+00, -6.700e-01, 0.000e+00
1.420e-01, 2.168e+00, -4.150e-04, 5.086e-04, 3.407e-01, 3.407e-01, 5.511e+00, 2.664e+00, -6.700e-01, 0.000e+00
1.425e-01, 2.166e+00, -4.423e-04, 4.873e-04, 3.409e-01, 3.409e-01, 5.518e+00, 2.663e+00, -6.700e-01, 0.000e+00
1.430e-01, 2.164e+00, -4.686e-04, 4.644e-04, 3.410e-01, 3.410e-01, 5.526e+00, 2.662e+00, -6.700e-01, 0.000e+00
1.435e-01, 2.162e+00, -4.938e-04, 4.401e-04, 3.411e-01, 3.411e-01, 5.533e+00, 2.661e+00, -6.700e-01, 0.000e+00
1.440e-01, 2.160e+00, -5.177e-04, 4.144e-04, 3.412e-01, 3.412e-01, 5.540e+00, 2.660e+00, -6.700e-01, 0.000e+00
1.445e-01, 2.158e+00, -5.400e-04, 3.878e-04, 3.413e-01, 3.413e-01, 5.548e+00, 2.659e+00, -6.700e-01, 0.000e+00
1.450e-01, 2.156e+00, -5.604e-04, 3.608e-04, 3.414e-01, 3.414e-01, 5.555e+00, 2.658e+00, -6.700e-01, 0.000e+00
1.455e-01, 2.154e+00, -5.763e-04, 3.374e-04, 3.415e-01, 3.415e-01, 5.561e+00, 2.657e+00, -6.700e-01, 0.000e+00
1.460e-01, 2.152e+00, -5.942e-04, 3.084e-04, 3.416e-01, 3.416e-01, 5.568e+00, 2.656e+00, -6.700e-01, 0.000e+00
1.465e-01, 2.149e+00, -6.177e-04, 2.643e-04, 3.418e-01, 3.418e-01, 5.578e+00, 2.655e+00, -6.700e-01, 0.000e+00
1.470e-01, 2.147e+00, -6.318e-04, 2.332e-04, 3.419e-01, 3.419e-01, 5.585e+00, 2.654e+00, -6.700e-01, 0.000e+00
1.475e-01, 2.145e+00, -6.443e-04, 2.014e-04, 3.420e-01, 3.420e-01, 5.592e+00, 2.653e+00, -6.700e-01, 0.000e+00
1.480e-01, 2.143e+00, -6.553e-04, 1.688e-04, 3.421e-01, 3.421e-01, 5.599e+00, 2.652e+00, -6.700e-01, 0.000e+00
1.485e-01, 2.141e+00, -6.647e-04, 1.356e-04, 3.422e-01, 3.422e-01, 5.606e+00, 2.651e+00, -6.700e-01, 0.000e+00
1.490e-01, 2.139e+00, -6.723e-04, 1.018e-04, 3.424e-01, 3.424e-01, 5.613e+00, 2.650e+00, -6.700e-01, 0.000e+00
1.495e-01, 2.137e+00, -6.783e-04, 6.756e-05, 3.425e-01, 3.425e-01, 5.620e+00, 2.649e+00, -6.700e-01, 0.000e+00
1.500e-01, 2.135e+00, -6.825e-04, 3.293e-05, 3.426e-01, 3.426e-01, 5.627e+00, 2.648e+00, -6.700e-01, 0.000e+00
1.505e-01, 2.133e+00, -6.849e-04, -1.983e-06, 3.427e-01, 3.427e-01, 5.634e+00, 2.647e+00, -6.700e-01, 0.000e+00
1.510e-01, 2.131e+00, -6.856e-04, -3.710e-05, 3.428e-01, 3.428e-01, 5.642e+00, 2.645e+00, -6.700e-01, 0.000e+00
1.515e-01, 2.129e+00, -6.844e-04, -7.302e-05, 3.429e-01, 3.429e-01, 5.649e+00, 2.644e+00, -6.700e-01, 0.000e+00
1.520e-01, 2.127e+00, -6.813e-04, -1.091e-04, 3.430e-01, 3.430e-01, 5.656e+00, 2.643e+00, -6.700e-01, 0.000e+00
1.525e-01, 2.125e+00, -6.762e-04, -1.451e-04, 3.431e-01, 3.431e-01, 5.663e+00, 2.642e+00, -6.700e-01, 0.000e+00
1.530e-01, 2.123e+00, -6.693e-04, -1.809e-04, 3.432e-01, 3.432e-01, 5.670e+00, 2.641e+00, -6.700e-01, 0.000e+00
1.535e-01, 2.121e+00, -6.605e-04, -2.165e-04, 3.434e-01, 3.434e-01, 5.677e+00, 2.640e+00, -6.700e-01, 0.000e+00
1.540e-01, 2.119e+00, -6.497e-04, -2.516e-04, 3.435e-01, 3.435e-01, 5.685e+00, 2.639e+00, -6.700e-01, 0.000e+00
1.545e-01, 2.117e+00, -6.371e-04, -2.862e-04, 3.436e-01, 3.436e-01, 5.692e+00, 2.638e+00, -6.700e-01, 0.000e+00
1.550e-01, 2.115e+00, -6.226e-04, -3.203e-04, 3.437e-01, 3.437e-01, 5.699e+00, 2.637e+00, -6.700e-01, 0.000e+00
1.555e-01, 2.113e+00, -6.063e-04, -3.536e-04, 3.438e-01, 3.438e-01, 5.706e+00, 2.636e+00, -6.700e-01, 0.000e+00
1.560e-01, 2.111e+00, -5.934e-04, -3.772e-04, 3.439e-01, 3.439e-01, 5.711e+00, 2.636e+00, -6.700e-01, 0.000e+00
1.565e-01, 2.109e+00, -5.742e-04, -4.088e-04, 3.440e-01, 3.440e-01, 5.718e+00, 2.635e+00, -6.700e-01, 0.000e+00
1.570e-01, 2.107e+00, -5.532e-04, -4.394e-04, 3.441e-01, 3.441e-01, 5.725e+00, 2.634e+00, -6.700e-01, 0.000e+00
1.575e-01, 2.105e+00, -5.306e-04, -4.690e-04, 3.442e-01, 3.442e-01, 5.732e+00, 2.633e+00, -6.700e-01, 0.000e+00
1.580e-01, 2.103e+00, -5.064e-04, -4.975e-04, 3.443e-01, 3.443e-01, 5.739e+00, 2.632e+00, -6.700e-01, 0.000e+00
1.585e-01, 2.101e+00, -4.806e-04, -5.249e-04, 3.444e-01, 3.444e-01, 5.747e+00, 2.630e+00, -6.700e-01, 0.000e+00
1.590e-01, 2.099e+00, -4.532e-04, -5.509e-04, 3.446e-01, 3.446e-01, 5.754e+00, 2.629e+00, -6.700e-01, 0.000e+00
1.595e-01, 2.097e+00, -4.248e-04, -5.752e-04, 3.447e-01, 3.447e-01, 5.761e+00, 2.628e+00, -6.700e-01, 0.000e+00
1.600e-01, 2.095e+00, -3.959e-04, -5.975e-04, 3.448e-01, 3.448e-01, 5.767e+00, 2.628e+00, -6.700e-01, 0.000e+00
1.605e-01, 2.093e+00, -3.658e-04, -6.183e-04, 3.449e-01, 3.449e-01, 5.774e+00, 2.627e+00, -6.700e-01, 0.000e+00
1.610e-01, 2.091e+00, -3.346e-04, -6.376e-04, 3.450e-01, 3.450e-01, 5.781e+00, 2.626e+00, -6.700e-01, 0.000e+00
1.615e-01, 2.089e+00, -3.022e-04, -6.554e-04, 3.451e-01, 3.451e-01, 5.788e+00, 2.625e+00, -6.700e-01, 0.000e+00
1.620e-01, 2.087e+00, -2.689e-04, -6.716e-04, 3.452e-01, 3.452e-01, 5.795e+00, 2.624e+00, -6.700e-01, 0.000e+00
1.625e-01, 2.085e+00, -2.254e-04, -6.896e-04, 3.453e-01, 3.453e-01, 5.803e+00, 2.622e+00, -6.700e-01, 0.000e+00
1.630e-01, 2.083e+00, -1.906e-04, -7.018e-04, 3.454e-01, 3.454e-01, 5.810e+00, 2.621e+00, -6.700e-01, 0.000e+00
1.635e-01, 2.081e+00, -1.551e-04, -7.122e-04, 3.455e-01, 3.455e-01, 5.817e+00, 2.620e+00, -6.700e-01, 0.000e+00
1.640e-01, 2.079e+00, -1.189e-04, -7.208e-04, 3.457e-01, 3.457e-01, 5.823e+00, 2.620e+00, -6.700e-01, 0.000e+00
1.645e-01, 2.077e+00, -8.230e-05, -7.275e-04, 3.458e-01, 3.458e-01, 5.830e+00, 2.619e+00, -6.700e-01, 0.000e+00
1.650e-01, 2.075e+00, -4.522e-05, -7.325e-04, 3.459e-01, 3.459e-01, 5.837e+00, 2.618e+00, -6.700e-01, 0.000e+00
1.655e-01, 2.073e+00, -7.817e-06, -7.355e-04, 3.460e-01, 3.460e-01, 5.843e+00, 2.617e+00, -6.700e-01, 0.000e+00
1.660e-01, 2.071e+00, 2.983e-05, -7.366e-04, 3.461e-01, 3.461e-01, 5.850e+00, 2.616e+00, -6.700e-01, 0.000e+00
1.665e-01, 2.069e+00, 6.814e-05, -7.358e-04, 3.462e-01, 3.462e-01, 5.857e+00, 2.615e+00, -6.700e-01, 0.000e+00
1.670e-01, 2.068e+00, 1.069e-04, -7.329e-04, 3.463e-01, 3.463e-01, 5.864e+00, 2.614e+00, -6.700e-01, 0.000e+00
1.675e-01, 2.066e+00, 1.456e-04, -7.280e-04, 3.464e-01, 3.464e-01, 5.871e+00, 2.613e+00, -6.700e-01, 0.000e+00
1.680e-01, 2.064e+00, 1.841e-04, -7.210e-04, 3.465e-01, 3.465e-01, 5.877e+00, 2.612e+00, -6.700e-01, 0.000e+00
1.685e-01, 2.062e+00, 2.223e-04, -7.119e-04, 3.466e-01, 3.466e-01, 5.884e+00, 2.611e+00, -6.700e-01, 0.000e+00
1.690e-01, 2.060e+00, 2.602e-04, -7.009e-04, 3.467e-01, 3.467e-01, 5.891e+00, 2.610e+00, -6.700e-01, 0.000e+00
1.695e-01, 2.058e+00, 2.975e-04, -6.877e-04, 3.468e-01, 3.468e-01, 5.898e+00, 2.609e+00, -6.700e-01, 0.000e+00
1.700e-01, 2.056e+00, 3.342e-04, -6.726e-04, 3.469e-01, 3.469e-01, 5.905e+00, 2.608e+00, -6.700e-01, 0.000e+00
1.705e-01, 2.054e+00, 3.607e-04, -6.603e-04, 3.470e-01, 3.470e-01, 5.910e+00, 2.607e+00, -6.700e-01, 0.000e+00
1.710e-01, 2.052e+00, 3.956e-04, -6.420e-04, 3.471e-01, 3.471e-01, 5.917e+00, 2.606e+00, -6.700e-01, 0.000e+00
1.715e-01, 2.050e+00, 4.297e-04, -6.218e-04, 3.472e-01, 3.472e-01, 5.923e+00, 2.605e+00, -6.700e-01, 0.000e+00
1.720e-01, 2.049e+00, 4.627e-04, -5.998e-04, 3.473e-01, 3.473e-01, 5.930e+00, 2.604e+00, -6.700e-01, 0.000e+00
1.725e-01, 2.047e+00, 4.947e-04, -5.760e-04, 3.474e-01, 3.474e-01, 5.937e+00, 2.603e+00, -6.700e-01, 0.000e+00
1.730e-01, 2.045e+00, 5.256e-04, -5.504e-04, 3.475e-01, 3.475e-01, 5.943e+00, 2.602e+00, -6.700e-01, 0.000e+00
1.735e-01, 2.043e+00, 5.551e-04, -5.232e-04, 3.477e-01, 3.476e-01, 5.950e+00, 2.601e+00, -6.700e-01, 0.000e+00
1.740e-01, 2.041e+00, 5.834e-04, -4.942e-04, 3.478e-01, 3.478e-01, 5.957e+00, 2.600e+00, -6.700e-01, 0.000e+00
1.745e-01, 2.039e+00, 6.100e-04, -4.639e-04, 3.479e-01, 3.479e-01, 5.964e+00, 2.599e+00, -6.700e-01, 0.000e+00
1.750e-01, 2.037e+00, 6.342e-04, -4.332e-04, 3.480e-01, 3.480e-01, 5.970e+00, 2.599e+00, -6.700e-01, 0.000e+00
1.755e-01, 2.035e+00, 6.568e-04, -4.013e-04, 3.481e-01, 3.481e-01, 5.977e+00, 2.598e+00, -6.700e-01, 0.000e+00
1.760e-01, 2.033e+00, 6.780e-04, -3.681e-04, 3.482e-01, 3.482e-01, 5.983e+00, 2.597e+00, -6.700e-01, 0.000e+00
1.765e-01, 2.032e+00, 6.974e-04, -3.337e-04, 3.483e-01, 3.483e-01, 5.990e+00, 2.596e+00, -6.700e-01, 0.000e+00
1.770e-01, 2.029e+00, 7.198e-04, -2.881e-04, 3.484e-01, 3.484e-01, 5.998e+00, 2.595e+00, -6.700e-01, 0.000e+00
1.775e-01, 2.027e+00, 7.351e-04, -2.518e-04, 3.485e-01, 3.485e-01, 6.004e+00, 2.594e+00, -6.700e-01, 0.000e+00
1.780e-01, 2.026e+00, 7.485e-04, -2.147e-04, 3.486e-01, 3.486e-01, 6.011e+00, 2.593e+00, -6.700e-01, 0.000e+00
1.785e-01, 2.024e+00, 7.601e-04, -1.769e-04, 3.487e-01, 3.487e-01, 6.017e+00, 2.592e+00, -6.700e-01, 0.000e+00
1.790e-01, 2.022e+00, 7.698e-04, -1.384e-04, 3.488e-01, 3.488e-01, 6.024e+00, 2.591e+00, -6.700e-01, 0.000e+00
1.795e-01, 2.020e+00, 7.775e-04, -9.929e-05, 3.489e-01, 3.489e-01, 6.030e+00, 2.590e+00, -6.700e-01, 0.000e+00
1.800e-01, 2.018e+00, 7.833e-04, -5.971e-05, 3.490e-01, 3.490e-01, 6.036e+00, 2.589e+00, -6.700e-01, 0.000e+00
1.805e-01, 2.016e+00, 7.870e-04, -1.976e-05, 3.491e-01, 3.491e-01, 6.043e+00, 2.588e+00, -6.700e-01, 0.000e+00
1.810e-01, 2.015e+00, 7.887e-04, 2.046e-05, 3.492e-01, 3.492e-01, 6.049e+00, 2.587e+00, -6.700e-01, 0.000e+00
1.815e-01, 2.013e+00, 7.883e-04, 6.116e-05, 3.493e-01, 3.493e-01, 6.055e+00, 2.586e+00, -6.700e-01, 0.000e+00
1.820e-01, 2.011e+00, 7.858e-04, 1.027e-04, 3.494e-01, 3.494e-01, 6.062e+00, 2.585e+00, -6.700e-01, 0.000e+00
1.825e-01, 2.009e+00, 7.811e-04, 1.441e-04, 3.495e-01, 3.495e-01, 6.069e+00, 2.584e+00, -6.700e-01, 0.000e+00
1.830e-01, 2.007e+00, 7.741e-04, 1.854e-04, 3.496e-01, 3.496e-01, 6.075e+00, 2.584e+00, -6.700e-01, 0.000e+00
1.835e-01, 2.005e+00, 7.650e-04, 2.264e-04, 3.497e-01, 3.497e-01, 6.082e+00, 2.583e+00, -6.700e-01, 0.000e+00
1.840e-01, 2.003e+00, 7.537e-04, 2.669e-04, 3.498e-01, 3.498e-01, 6.088e+00, 2.582e+00, -6.700e-01, 0.000e+00
1.845e-01, 2.002e+00, 7.402e-04, 3.070e-04, 3.499e-01, 3.499e-01, 6.095e+00, 2.581e+00, -6.700e-01, 0.000e+00
1.850e-01, 2.000e+00, 7.246e-04, 3.464e-04, 3.500e-01, 3.500e-01, 6.101e+00, 2.580e+00, -6.700e-01, 0.000e+00
1.855e-01, 1.998e+00, 7.069e-04, 3.851e-04, 3.502e-01, 3.502e-01, 6.108e+00, 2.579e+00, -6.700e-01, 0.000e+00
1.860e-01, 1.996e+00, 6.927e-04, 4.127e-04, 3.503e-01, 3.503e-01, 6.112e+00, 2.578e+00, -6.700e-01, 0.000e+00
1.865e-01, 1.995e+00, 6.716e-04, 4.493e-04, 3.504e-01, 3.504e-01, 6.119e+00, 2.576e+00, -6.700e-01, 0.000e+00
1.870e-01, 1.993e+00, 6.486e-04, 4.849e-04, 3.505e-01, 3.505e-01, 6.125e+00, 2.575e+00, -6.700e-01, 0.000e+00
1.875e-01, 1.991e+00, 6.236e-04, 5.194e-04, 3.507e-01, 3.507e-01, 6.132e+00, 2.574e+00, -6.700e-01, 0.000e+00
1.880e-01, 1.989e+00, 5.968e-04, 5.527e-04, 3.508e-01, 3.508e-01, 6.138e+00, 2.573e+00, -6.700e-01, 0.000e+00
1.885e-01, 1.987e+00, 5.681e-04, 5.847e-04, 3.510e-01, 3.510e-01, 6.145e+00, 2.572e+00, -6.700e-01, 0.000e+00
1.890e-01, 1.985e+00, 5.377e-04, 6.152e-04, 3.511e-01, 3.511e-01, 6.151e+00, 2.571e+00, -6.700e-01, 0.000e+00
1.895e-01, 1.984e+00, 5.055e-04, 6.442e-04, 3.512e-01, 3.512e-01, 6.158e+00, 2.569e+00, -6.700e-01, 0.000e+00
1.900e-01, 1.982e+00, 4.730e-04, 6.705e-04, 3.514e-01, 3.514e-01, 6.164e+00, 2.568e+00, -6.700e-01, 0.000e+00
1.905e-01, 1.980e+00, 4.392e-04, 6.952e-04, 3.515e-01, 3.515e-01, 6.170e+00, 2.567e+00, -6.700e-01, 0.000e+00
1.910e-01, 1.978e+00, 4.041e-04, 7.182e-04, 3.516e-01, 3.516e-01, 6.176e+00, 2.566e+00, -6.700e-01, 0.000e+00
1.915e-01, 1.976e+00, 3.676e-04, 7.395e-04, 3.518e-01, 3.518e-01, 6.182e+00, 2.565e+00, -6.700e-01, 0.000e+00
1.920e-01, 1.975e+00, 3.300e-04, 7.590e-04, 3.519e-01, 3.519e-01, 6.189e+00, 2.564e+00, -6.700e-01, 0.000e+00
1.925e-01, 1.972e+00, 2.807e-04, 7.810e-04, 3.521e-01, 3.521e-01, 6.196e+00, 2.562e+00, -6.700e-01, 0.000e+00
1.930e-01, 1.971e+00, 2.414e-04, 7.958e-04, 3.522e-01, 3.522e-01, 6.203e+00, 2.561e+00, -6.700e-01, 0.000e+00
1.935e-01, 1.969e+00, 2.012e-04, 8.087e-04, 3.523e-01, 3.523e-01, 6.209e+00, 2.560e+00, -6.700e-01, 0.000e+00
1.940e-01, 1.967e+00, 1.602e-04, 8.196e-04, 3.525e-01, 3.525e-01, 6.215e+00, 2.559e+00, -6.700e-01, 0.000e+00
1.945e-01, 1.965e+00, 1.187e-04, 8.284e-04, 3.526e-01, 3.526e-01, 6.221e+00, 2.558e+00, -6.700e-01, 0.000e+00
1.950e-01, 1.964e+00, 7.655e-05, 8.352e-04, 3.527e-01, 3.527e-01, 6.227e+00, 2.556e+00, -6.700e-01, 0.000e+00
1.955e-01, 1.962e+00, 3.400e-05, 8.398e-04, 3.529e-01, 3.529e-01, 6.233e+00, 2.555e+00, -6.700e-01, 0.000e+00
1.960e-01, 1.960e+00, -8.860e-06, 8.422e-04, 3.530e-01, 3.530e-01, 6.239e+00, 2.554e+00, -6.700e-01, 0.000e+00
1.965e-01, 1.958e+00, -5.193e-05, 8.424e-04, 3.531e-01, 3.531e-01, 6.245e+00, 2.553e+00, -6.700e-01, 0.000e+00
1.970e-01, 1.957e+00, -9.623e-05, 8.403e-04, 3.533e-01, 3.532e-01, 6.252e+00, 2.552e+00, -6.700e-01, 0.000e+00
1.975e-01, 1.955e+00, -1.405e-04, 8.360e-04, 3.534e-01, 3.534e-01, 6.258e+00, 2.551e+00, -6.700e-01, 0.000e+00
1.980e-01, 1.953e+00, -1.846e-04, 8.292e-04, 3.535e-01, 3.535e-01, 6.264e+00, 2.550e+00, -6.700e-01, 0.000e+00
1.985e-01, 1.951e+00, -2.285e-04, 8.201e-04, 3.537e-01, 3.536e-01, 6.270e+00, 2.548e+00, -6.700e-01, 0.000e+00
1.990e-01, 1.950e+00, -2.719e-04, 8.087e-04, 3.538e-01, 3.538e-01, 6.277e+00, 2.547e+00, -6.700e-01, 0.000e+00
1.995e-01, 1.948e+00, -3.148e-04, 7.950e-04, 3.539e-01, 3.539e-01, 6.283e+00, 2.546e+00, -6.700e-01, 0.000e+00
2.000e-01, 1.946e+00, -3.571e-04, 7.790e-04, 3.541e-01, 3.541e-01, 6.289e+00, 2.545e+00, -6.700e-01, 0.000e+00
2.005e-01, 1.944e+00, -3.987e-04, 7.607e-04, 3.542e-01, 3.542e-01, 6.295e+00, 2.544e+00, -6.700e-01, 0.000e+00
2.010e-01, 1.943e+00, -4.284e-04, 7.459e-04, 3.543e-01, 3.543e-01, 6.300e+00, 2.543e+00, -6.700e-01, 0.000e+00
2.015e-01, 1.941e+00, -4.678e-04, 7.240e-04, 3.544e-01, 3.544e-01, 6.306e+00, 2.542e+00, -6.700e-01, 0.000e+00
2.020e-01, 1.939e+00, -5.061e-04, 7.001e-04, 3.546e-01, 3.545e-01, 6.312e+00, 2.541e+00, -6.700e-01, 0.000e+00
2.025e-01, 1.938e+00, -5.433e-04, 6.740e-04, 3.547e-01, 3.547e-01, 6.318e+00, 2.539e+00, -6.700e-01, 0.000e+00
2.030e-01, 1.936e+00, -5.791e-04, 6.460e-04, 3.548e-01, 3.548e-01, 6.325e+00, 2.538e+00, -6.700e-01, 0.000e+00
2.035e-01, 1.934e+00, -6.136e-04, 6.160e-04, 3.549e-01, 3.549e-01, 6.331e+00, 2.537e+00, -6.700e-01, 0.000e+00
2.040e-01, 1.932e+00, -6.466e-04, 5.840e-04, 3.551e-01, 3.551e-01, 6.337e+00, 2.536e+00, -6.700e-01, 0.000e+00
2.045e-01, 1.931e+00, -6.780e-04, 5.503e-04, 3.552e-01, 3.552e-01, 6.343e+00, 2.535e+00, -6.700e-01, 0.000e+00
2.050e-01, 1.929e+00, -7.069e-04, 5.157e-04, 3.553e-01, 3.553e-01, 6.349e+00, 2.534e+00, -6.700e-01, 0.000e+00
2.055e-01, 1.927e+00, -7.338e-04, 4.801e-04, 3.555e-01, 3.555e-01, 6.355e+00, 2.533e+00, -6.700e-01, 0.000e+00
2.060e-01, 1.925e+00, -7.588e-04, 4.430e-04, 3.556e-01, 3.556e-01, 6.361e+00, 2.532e+00, -6.700e-01, 0.000e+00
2.065e-01, 1.924e+00, -7.821e-04, 4.045e-04, 3.557e-01, 3.557e-01, 6.367e+00, 2.530e+00, -6.700e-01, 0.000e+00
2.070e-01, 1.922e+00, -8.034e-04, 3.648e-04, 3.559e-01, 3.558e-01, 6.373e+00, 2.529e+00, -6.700e-01, 0.000e+00
2.075e-01, 1.920e+00, -8.276e-04, 3.125e-04, 3.560e-01, 3.560e-01, 6.380e+00, 2.528e+00, -6.700e-01, 0.000e+00
2.080e-01, 1.918e+00, -8.441e-04, 2.708e-04, 3.561e-01, 3.561e-01, 6.386e+00, 2.527e+00, -6.700e-01, 0.000e+00
2.085e-01, 1.917e+00, -8.585e-04, 2.283e-04, 3.563e-01, 3.563e-01, 6.392e+00, 2.526e+00, -6.700e-01, 0.000e+00
2.090e-01, 1.915e+00, -8.707e-04, 1.849e-04, 3.564e-01, 3.564e-01, 6.398e+00, 2.525e+00, -6.700e-01, 0.000e+00
2.095e-01, 1.913e+00, -8.808e-04, 1.407e-04, 3.565e-01, 3.565e-01, 6.404e+00, 2.524e+00, -6.700e-01, 0.000e+00
2.100e-01, 1.912e+00, -8.886e-04, 9.600e-05, 3.566e-01, 3.566e-01, 6.410e+00, 2.523e+00, -6.700e-01, 0.000e+00
2.105e-01, 1.910e+00, -8.942e-04, 5.079e-05, 3.568e-01, 3.568e-01, 6.415e+00, 2.521e+00, -6.700e-01, 0.000e+00
2.110e-01, 1.908e+00, -8.975e-04, 5.210e-06, 3.569e-01, 3.569e-01, 6.421e+00, 2.520e+00, -6.700e-01, 0.000e+00
2.115e-01, 1.907e+00, -8.984e-04, -4.062e-05, 3.570e-01, 3.570e-01, 6.427e+00, 2.519e+00, -6.700e-01, 0.000e+00
2.120e-01, 1.905e+00, -8.970e-04, -8.745e-05, 3.571e-01, 3.571e-01, 6.433e+00, 2.518e+00, -6.700e-01, 0.000e+00
2.125e-01, 1.903e+00, -8.930e-04, -1.347e-04, 3.573e-01, 3.573e-01, 6.439e+00, 2.517e+00, -6.700e-01, 0.000e+00
2.130e-01, 1.901e+00, -8.866e-04, -1.817e-04, 3.574e-01, 3.574e-01, 6.445e+00, 2.516e+00, -6.700e-01, 0.000e+00
2.135e-01, 1.900e+00, -8.777e-04, -2.286e-04, 3.575e-01, 3.575e-01, 6.451e+00, 2.515e+00, -6.700e-01, 0.000e+00
2.140e-01, 1.898e+00, -8.663e-04, -2.750e-04, 3.577e-01, 3.577e-01, 6.457e+00, 2.514e+00, -6.700e-01, 0.000e+00
2.145e-01, 1.896e+00, -8.524e-04, -3.209e-04, 3.578e-01, 3.578e-01, 6.463e+00, 2.513e+00, -6.700e-01, 0.000e+00
2.150e-01, 1.895e+00, -8.361e-04, -3.662e-04, 3.579e-01, 3.579e-01, 6.469e+00, 2.511e+00, -6.700e-01, 0.000e+00
2.155e-01, 1.893e+00, -8.173e-04, -4.107e-04, 3.580e-01, 3.580e-01, 6.475e+00, 2.510e+00, -6.700e-01, 0.000e+00
2.160e-01, 1.891e+00, -7.961e-04, -4.543e-04, 3.582e-01, 3.582e-01, 6.481e+00, 2.509e+00, -6.700e-01, 0.000e+00
2.165e-01, 1.890e+00, -7.794e-04, -4.851e-04, 3.583e-01, 3.583e-01, 6.485e+00, 2.508e+00, -6.700e-01, 0.000e+00
2.170e-01, 1.888e+00, -7.545e-04, -5.263e-04, 3.584e-01, 3.584e-01, 6.491e+00, 2.507e+00, -6.700e-01, 0.000e+00
2.175e-01, 1.887e+00, -7.275e-04, -5.662e-04, 3.585e-01, 3.585e-01, 6.497e+00, 2.506e+00, -6.700e-01, 0.000e+00
2.180e-01, 1.885e+00, -6.983e-04, -6.048e-04, 3.586e-01, 3.586e-01, 6.503e+00, 2.505e+00, -6.700e-01, 0.000e+00
2.185e-01, 1.883e+00, -6.670e-04, -6.420e-04, 3.588e-01, 3.588e-01, 6.509e+00, 2.504e+00, -6.700e-01, 0.000e+00
2.190e-01, 1.881e+00, -6.336e-04, -6.776e-04, 3.589e-01, 3.589e-01, 6.515e+00, 2.503e+00, -6.700e-01, 0.000e+00
2.195e-01, 1.880e+00, -5.983e-04, -7.116e-04, 3.590e-01, 3.590e-01, 6.521e+00, 2.502e+00, -6.700e-01, 0.000e+00
2.200e-01, 1.878e+00, -5.616e-04, -7.433e-04, 3.591e-01, 3.591e-01, 6.527e+00, 2.501e+00, -6.700e-01, 0.000e+00
2.205e-01, 1.876e+00, -5.241e-04, -7.724e-04, 3.593e-01, 3.593e-01, 6.532e+00, 2.500e+00, -6.700e-01, 0.000e+00
2.210e-01, 1.875e+00, -4.851e-04, -7.997e-04, 3.594e-01, 3.594e-01, 6.538e+00, 2.499e+00, -6.700e-01, 0.000e+00
2.215e-01, 1.873e+00, -4.446e-04, -8.251e-04, 3.595e-01, 3.595e-01, 6.544e+00, 2.498e+00, -6.700e-01, 0.000e+00
2.220e-01, 1.872e+00, -4.027e-04, -8.485e-04, 3.596e-01, 3.596e-01, 6.549e+00, 2.497e+00, -6.700e-01, 0.000e+00
2.225e-01, 1.870e+00, -3.474e-04, -8.752e-04, 3.598e-01, 3.598e-01, 6.557e+00, 2.495e+00, -6.700e-01, 0.000e+00
2.230e-01, 1.868e+00, -3.034e-04, -8.934e-04, 3.599e-01, 3.599e-01, 6.562e+00, 2.494e+00, -6.700e-01, 0.000e+00
2.235e-01, 1.866e+00, -2.584e-04, -9.094e-04, 3.600e-01, 3.600e-01, 6.568e+00, 2.493e+00, -6.700e-01, 0.000e+00
2.240e-01, 1.865e+00, -2.124e-04, -9.231e-04, 3.601e-01, 3.601e-01, 6.573e+00, 2.492e+00, -6.700e-01, 0.000e+00
2.245e-01, 1.863e+00, -1.657e-04, -9.346e-04, 3.603e-01, 3.603e-01, 6.579e+00, 2.491e+00, -6.700e-01, 0.000e+00
2.250e-01, 1.862e+00, -1.183e-04, -9.437e-04, 3.604e-01, 3.604e-01, 6.585e+00, 2.490e+00, -6.700e-01, 0.000e+00
2.255e-01, 1.860e+00, -7.034e-05, -9.504e-04, 3.605e-01, 3.605e-01, 6.590e+00, 2.489e+00, -6.700e-01, 0.000e+00
2.260e-01, 1.858e+00, -2.196e-05, -9.547e-04, 3.606e-01, 3.606e-01, 6.596e+00, 2.488e+00, -6.700e-01, 0.000e+00
2.265e-01, 1.857e+00, 2.672e-05, -9.565e-04, 3.607e-01, 3.607e-01, 6.601e+00, 2.487e+00, -6.700e-01, 0.000e+00
2.270e-01, 1.855e+00, 7.608e-05, -9.557e-04, 3.609e-01, 3.609e-01, 6.607e+00, 2.486e+00, -6.700e-01, 0.000e+00
2.275e-01, 1.853e+00, 1.263e-04, -9.524e-04, 3.610e-01, 3.610e-01, 6.613e+00, 2.485e+00, -6.700e-01, 0.000e+00
2.280e-01, 1.852e+00, 1.765e-04, -9.464e-04, 3.611e-01, 3.611e-01, 6.619e+00, 2.484e+00, -6.700e-01, 0.000e+00
2.285e-01, 1.850e+00, 2.264e-04, -9.378e-04, 3.612e-01, 3.612e-01, 6.624e+00, 2.483e+00, -6.700e-01, 0.000e+00
2.290e-01, 1.849e+00, 2.760e-04, -9.265e-04, 3.614e-01, 3.614e-01, 6.630e+00, 2.482e+00, -6.700e-01, 0.000e+00
2.295e-01, 1.847e+00, 3.250e-04, -9.126e-04, 3.615e-01, 3.615e-01, 6.636e+00, 2.481e+00, -6.700e-01, 0.000e+00
2.300e-01, 1.845e+00, 3.734e-04, -8.960e-04, 3.616e-01, 3.616e-01, 6.641e+00, 2.479e+00, -6.700e-01, 0.000e+00
2.305e-01, 1.844e+00, 4.210e-04, -8.769e-04, 3.617e-01, 3.617e-01, 6.647e+00, 2.478e+00, -6.700e-01, 0.000e+00
2.310e-01, 1.842e+00, 4.677e-04, -8.552e-04, 3.619e-01, 3.618e-01, 6.653e+00, 2.477e+00, -6.700e-01, 0.000e+00
2.315e-01, 1.840e+00, 5.134e-04, -8.310e-04, 3.620e-01, 3.620e-01, 6.659e+00, 2.476e+00, -6.700e-01, 0.000e+00
2.320e-01, 1.839e+00, 5.452e-04, -8.122e-04, 3.621e-01, 3.621e-01, 6.663e+00, 2.475e+00, -6.700e-01, 0.000e+00
2.325e-01, 1.838e+00, 5.881e-04, -7.842e-04, 3.622e-01, 3.622e-01, 6.668e+00, 2.474e+00, -6.700e-01, 0.000e+00
2.330e-01, 1.836e+00, 6.296e-04, -7.539e-04, 3.623e-01, 3.623e-01, 6.674e+00, 2.473e+00, -6.700e-01, 0.000e+00
2.335e-01, 1.834e+00, 6.697e-04, -7.213e-04, 3.624e-01, 3.624e-01, 6.680e+00, 2.472e+00, -6.700e-01, 0.000e+00
2.340e-01, 1.833e+00, 7.081e-04, -6.866e-04, 3.626e-01, 3.625e-01, 6.685e+00, 2.471e+00, -6.700e-01, 0.000e+00
2.345e-01, 1.831e+00, 7.447e-04, -6.497e-04, 3.627e-01, 3.627e-01, 6.691e+00, 2.470e+00, -6.700e-01, 0.000e+00
2.350e-01, 1.830e+00, 7.795e-04, -6.108e-04, 3.628e-01, 3.628e-01, 6.697e+00, 2.469e+00, -6.700e-01, 0.000e+00
2.355e-01, 1.828e+00, 8.111e-04, -5.716e-04, 3.629e-01, 3.629e-01, 6.702e+00, 2.468e+00, -6.700e-01, 0.000e+00
2.360e-01, 1.826e+00, 8.408e-04, -5.306e-04, 3.630e-01, 3.630e-01, 6.708e+00, 2.467e+00, -6.700e-01, 0.000e+00
2.365e-01, 1.825e+00, 8.685e-04, -4.881e-04, 3.631e-01, 3.631e-01, 6.713e+00, 2.466e+00, -6.700e-01, 0.000e+00
2.370e-01, 1.823e+00, 8.940e-04, -4.440e-04, 3.633e-01, 3.633e-01, 6.718e+00, 2.465e+00, -6.700e-01, 0.000e+00
2.375e-01, 1.821e+00, 9.235e-04, -3.855e-04, 3.634e-01, 3.634e-01, 6.725e+00, 2.464e+00, -6.700e-01, 0.000e+00
2.380e-01, 1.820e+00, 9.436e-04, -3.392e-04, 3.635e-01, 3.635e-01, 6.731e+00, 2.463e+00, -6.700e-01, 0.000e+00
2.385e-01, 1.818e+00, 9.614e-04, -2.917e-04, 3.636e-01, 3.636e-01, 6.736e+00, 2.462e+00, -6.700e-01, 0.000e+00
2.390e-01, 1.817e+00, 9.768e-04, -2.432e-04, 3.638e-01, 3.637e-01, 6.742e+00, 2.461e+00, -6.700e-01, 0.000e+00
2.395e-01, 1.815e+00, 9.898e-04, -1.938e-04, 3.639e-01, 3.639e-01, 6.747e+00, 2.460e+00, -6.700e-01, 0.000e+00
2.400e-01, 1.814e+00, 1.000e-03, -1.437e-04, 3.640e-01, 3.640e-01, 6.752e+00, 2.459e+00, -6.700e-01, 0.000e+00
2.405e-01, 1.812e+00, 1.008e-03, -9.289e-05, 3.641e-01, 3.641e-01, 6.758e+00, 2.458e+00, -6.700e-01, 0.000e+00
2.410e-01, 1.811e+00, 1.014e-03, -4.163e-05, 3.642e-01, 3.642e-01, 6.763e+00, 2.457e+00, -6.700e-01, 0.000e+00
2.415e-01, 1.809e+00, 1.016e-03, 9.993e-06, 3.643e-01, 3.643e-01, 6.768e+00, 2.456e+00, -6.700e-01, 0.000e+00
2.420e-01, 1.807e+00, 1.017e-03, 6.189e-05, 3.644e-01, 3.644e-01, 6.774e+00, 2.455e+00, -6.700e-01, 0.000e+00
2.425e-01, 1.806e+00, 1.014e-03, 1.153e-04, 3.646e-01, 3.646e-01, 6.779e+00, 2.454e+00, -6.700e-01, 0.000e+00
2.430e-01, 1.804e+00, 1.009e-03, 1.687e-04, 3.647e-01, 3.647e-01, 6.785e+00, 2.453e+00, -6.700e-01, 0.000e+00
2.435e-01, 1.803e+00, 1.000e-03, 2.218e-04, 3.648e-01, 3.648e-01, 6.790e+00, 2.452e+00, -6.700e-01, 0.000e+00
2.440e-01, 1.801e+00, 9.894e-04, 2.746e-04, 3.649e-01, 3.649e-01, 6.796e+00, 2.451e+00, -6.700e-01, 0.000e+00
2.445e-01, 1.800e+00, 9.756e-04, 3.269e-04, 3.650e-01, 3.650e-01, 6.801e+00, 2.450e+00, -6.700e-01, 0.000e+00
2.450e-01, 1.798e+00, 9.589e-04, 3.786e-04, 3.652e-01, 3.652e-01, 6.805e+00, 2.449e+00, -6.700e-01, 0.000e+00
2.455e-01, 1.796e+00, 9.396e-04, 4.295e-04, 3.654e-01, 3.654e-01, 6.809e+00, 2.448e+00, -6.700e-01, 0.000e+00
2.460e-01, 1.795e+00, 9.174e-04, 4.794e-04, 3.655e-01, 3.655e-01, 6.813e+00, 2.447e+00, -6.700e-01, 0.000e+00
2.465e-01, 1.793e+00, 8.926e-04, 5.283e-04, 3.657e-01, 3.657e-01, 6.817e+00, 2.446e+00, -6.700e-01, 0.000e+00
2.470e-01, 1.792e+00, 8.731e-04, 5.627e-04, 3.658e-01, 3.658e-01, 6.819e+00, 2.445e+00, -6.700e-01, 0.000e+00
2.475e-01, 1.791e+00, 8.443e-04, 6.088e-04, 3.659e-01, 3.659e-01, 6.823e+00, 2.444e+00, -6.700e-01, 0.000e+00
2.480e-01, 1.789e+00, 8.129e-04, 6.533e-04, 3.661e-01, 3.661e-01, 6.827e+00, 2.443e+00, -6.700e-01, 0.000e+00
2.485e-01, 1.788e+00, 7.792e-04, 6.964e-04, 3.663e-01, 3.662e-01, 6.831e+00, 2.442e+00, -6.700e-01, 0.000e+00
2.490e-01, 1.786e+00, 7.431e-04, 7.378e-04, 3.664e-01, 3.664e-01, 6.835e+00, 2.441e+00, -6.700e-01, 0.000e+00
2.495e-01, 1.784e+00, 7.047e-04, 7.773e-04, 3.666e-01, 3.666e-01, 6.839e+00, 2.440e+00, -6.700e-01, 0.000e+00
2.500e-01, 1.783e+00, 6.641e-04, 8.150e-04, 3.667e-01, 3.667e-01, 6.843e+00, 2.439e+00, -6.700e-01, 0.000e+00
2.505e-01, 1.781e+00, 6.226e-04, 8.497e-04, 3.669e-01, 3.669e-01, 6.846e+00, 2.438e+00, -6.700e-01, 0.000e+00
2.510e-01, 1.780e+00, 5.798e-04, 8.819e-04, 3.670e-01, 3.670e-01, 6.850e+00, 2.437e+00, -6.700e-01, 0.000e+00
2.515e-01, 1.778e+00, 5.351e-04, 9.121e-04, 3.672e-01, 3.672e-01, 6.854e+00, 2.436e+00, -6.700e-01, 0.000e+00
2.520e-01, 1.777e+00, 4.889e-04, 9.400e-04, 3.673e-01, 3.673e-01, 6.858e+00, 2.435e+00, -6.700e-01, 0.000e+00
2.525e-01, 1.775e+00, 4.273e-04, 9.724e-04, 3.675e-01, 3.675e-01, 6.862e+00, 2.434e+00, -6.700e-01, 0.000e+00
2.530e-01, 1.774e+00, 3.785e-04, 9.946e-04, 3.677e-01, 3.676e-01, 6.866e+00, 2.433e+00, -6.700e-01, 0.000e+00
2.535e-01, 1.772e+00, 3.285e-04, 1.014e-03, 3.678e-01, 3.678e-01, 6.870e+00, 2.432e+00, -6.700e-01, 0.000e+00
2.540e-01, 1.771e+00, 2.774e-04, 1.032e-03, 3.679e-01, 3.679e-01, 6.874e+00, 2.431e+00, -6.700e-01, 0.000e+00
2.545e-01, 1.769e+00, 2.253e-04, 1.046e-03, 3.681e-01, 3.681e-01, 6.877e+00, 2.430e+00, -6.700e-01, 0.000e+00
2.550e-01, 1.768e+00, 1.723e-04, 1.058e-03, 3.682e-01, 3.682e-01, 6.881e+00, 2.429e+00, -6.700e-01, 0.000e+00
2.555e-01, 1.766e+00, 1.187e-04, 1.068e-03, 3.684e-01, 3.684e-01, 6.885e+00, 2.428e+00, -6.700e-01, 0.000e+00
2.560e-01, 1.765e+00, 6.446e-05, 1.075e-03, 3.685e-01, 3.685e-01, 6.888e+00, 2.427e+00, -6.700e-01, 0.000e+00
2.565e-01, 1.763e+00, 9.807e-06, 1.079e-03, 3.687e-01, 3.687e-01, 6.892e+00, 2.426e+00, -6.700e-01, 0.000e+00
2.570e-01, 1.762e+00, -4.513e-05, 1.080e-03, 3.688e-01, 3.688e-01, 6.896e+00, 2.425e+00, -6.700e-01, 0.000e+00
2.575e-01, 1.760e+00, -1.013e-04, 1.078e-03, 3.690e-01, 3.690e-01, 6.899e+00, 2.424e+00, -6.700e-01, 0.000e+00
2.580e-01, 1.759e+00, -1.579e-04, 1.073e-03, 3.691e-01, 3.691e-01, 6.903e+00, 2.423e+00, -6.700e-01, 0.000e+00
2.585e-01, 1.757e+00, -2.145e-04, 1.066e-03, 3.693e-01, 3.693e-01, 6.907e+00, 2.422e+00, -6.700e-01, 0.000e+00
2.590e-01, 1.756e+00, -2.706e-04, 1.055e-03, 3.694e-01, 3.694e-01, 6.911e+00, 2.421e+00, -6.700e-01, 0.000e+00
2.595e-01, 1.754e+00, -3.264e-04, 1.041e-03, 3.696e-01, 3.696e-01, 6.914e+00, 2.420e+00, -6.700e-01, 0.000e+00
2.600e-01, 1.753e+00, -3.814e-04, 1.025e-03, 3.697e-01, 3.697e-01, 6.918e+00, 2.419e+00, -6.700e-01, 0.000e+00
2.605e-01, 1.751e+00, -4.357e-04, 1.005e-03, 3.699e-01, 3.699e-01, 6.922e+00, 2.418e+00, -6.700e-01, 0.000e+00
2.610e-01, 1.750e+00, -4.891e-04, 9.829e-04, 3.700e-01, 3.700e-01, 6.926e+00, 2.417e+00, -6.700e-01, 0.000e+00
2.615e-01, 1.748e+00, -5.414e-04, 9.576e-04, 3.702e-01, 3.702e-01, 6.930e+00, 2.416e+00, -6.700e-01, 0.000e+00
2.620e-01, 1.747e+00, -5.924e-04, 9.295e-04, 3.703e-01, 3.703e-01, 6.933e+00, 2.415e+00, -6.700e-01, 0.000e+00
2.625e-01, 1.746e+00, -6.279e-04, 9.078e-04, 3.705e-01, 3.704e-01, 6.936e+00, 2.415e+00, -6.700e-01, 0.000e+00
2.630e-01, 1.744e+00, -6.758e-04, 8.755e-04, 3.706e-01, 3.706e-01, 6.940e+00, 2.414e+00, -6.700e-01, 0.000e+00
2.635e-01, 1.743e+00, -7.220e-04, 8.406e-04, 3.707e-01, 3.707e-01, 6.943e+00, 2.413e+00, -6.700e-01, 0.000e+00
2.640e-01, 1.741e+00, -7.665e-04, 8.032e-04, 3.709e-01, 3.709e-01, 6.947e+00, 2.412e+00, -6.700e-01, 0.000e+00
2.645e-01, 1.740e+00, -8.092e-04, 7.634e-04, 3.710e-01, 3.710e-01, 6.951e+00, 2.411e+00, -6.700e-01, 0.000e+00
2.650e-01, 1.738e+00, -8.499e-04, 7.212e-04, 3.712e-01, 3.712e-01, 6.955e+00, 2.410e+00, -6.700e-01, 0.000e+00
2.655e-01, 1.737e+00, -8.879e-04, 6.774e-04, 3.713e-01, 3.713e-01, 6.958e+00, 2.409e+00, -6.700e-01, 0.000e+00
2.660e-01, 1.735e+00, -9.229e-04, 6.327e-04, 3.715e-01, 3.715e-01, 6.962e+00, 2.408e+00, -6.700e-01, 0.000e+00
2.665e-01, 1.734e+00, -9.557e-04, 5.860e-04, 3.716e-01, 3.716e-01, 6.966e+00, 2.407e+00, -6.700e-01, 0.000e+00
2.670e-01, 1.732e+00, -9.862e-04, 5.375e-04, 3.718e-01, 3.718e-01, 6.969e+00, 2.406e+00, -6.700e-01, 0.000e+00
2.675e-01, 1.730e+00, -1.022e-03, 4.727e-04, 3.720e-01, 3.720e-01, 6.974e+00, 2.405e+00, -6.700e-01, 0.000e+00
2.680e-01, 1.729e+00, -1.046e-03, 4.215e-04, 3.721e-01, 3.721e-01, 6.977e+00, 2.404e+00, -6.700e-01, 0.000e+00
2.685e-01, 1.728e+00, -1.068e-03, 3.690e-04, 3.722e-01, 3.722e-01, 6.981e+00, 2.403e+00, -6.700e-01, 0.000e+00
2.690e-01, 1.726e+00, -1.088e-03, 3.152e-04, 3.724e-01, 3.724e-01, 6.984e+00, 2.402e+00, -6.700e-01, 0.000e+00
2.695e-01, 1.725e+00, -1.104e-03, 2.604e-04, 3.725e-01, 3.725e-01, 6.988e+00, 2.401e+00, -6.700e-01, 0.000e+00
2.700e-01, 1.723e+00, -1.118e-03, 2.046e-04, 3.727e-01, 3.727e-01, 6.991e+00, 2.400e+00, -6.700e-01, 0.000e+00
2.705e-01, 1.722e+00, -1.129e-03, 1.480e-04, 3.728e-01, 3.728e-01, 6.995e+00, 2.399e+00, -6.700e-01, 0.000e+00
2.710e-01, 1.721e+00, -1.137e-03, 9.070e-05, 3.730e-01, 3.729e-01, 6.999e+00, 2.398e+00, -6.700e-01, 0.000e+00
2.715e-01, 1.719e+00, -1.143e-03, 3.293e-05, 3.731e-01, 3.731e-01, 7.002e+00, 2.397e+00, -6.700e-01, 0.000e+00
2.720e-01, 1.718e+00, -1.145e-03, -2.519e-05, 3.732e-01, 3.732e-01, 7.006e+00, 2.397e+00, -6.700e-01, 0.000e+00
2.725e-01, 1.716e+00, -1.144e-03, -8.402e-05, 3.734e-01, 3.734e-01, 7.009e+00, 2.396e+00, -6.700e-01, 0.000e+00
2.730e-01, 1.715e+00, -1.141e-03, -1.441e-04, 3.735e-01, 3.735e-01, 7.013e+00, 2.395e+00, -6.700e-01, 0.000e+00
2.735e-01, 1.713e+00, -1.134e-03, -2.041e-04, 3.737e-01, 3.737e-01, 7.016e+00, 2.394e+00, -6.700e-01, 0.000e+00
2.740e-01, 1.712e+00, -1.123e-03, -2.638e-04, 3.738e-01, 3.738e-01, 7.020e+00, 2.393e+00, -6.700e-01, 0.000e+00
2.745e-01, 1.711e+00, -1.110e-03, -3.231e-04, 3.740e-01, 3.739e-01, 7.024e+00, 2.392e+00, -6.700e-01, 0.000e+00
2.750e-01, 1.709e+00, -1.094e-03, -3.817e-04, 3.741e-01, 3.741e-01, 7.027e+00, 2.391e+00, -6.700e-01, 0.000e+00
2.755e-01, 1.708e+00, -1.074e-03, -4.396e-04, 3.742e-01, 3.742e-01, 7.031e+00, 2.390e+00, -6.700e-01, 0.000e+00
2.760e-01, 1.706e+00, -1.052e-03, -4.965e-04, 3.744e-01, 3.744e-01, 7.035e+00, 2.389e+00, -6.700e-01, 0.000e+00
2.765e-01, 1.705e+00, -1.026e-03, -5.524e-04, 3.745e-01, 3.745e-01, 7.038e+00, 2.388e+00, -6.700e-01, 0.000e+00
2.770e-01, 1.703e+00, -9.974e-04, -6.070e-04, 3.747e-01, 3.747e-01, 7.042e+00, 2.387e+00, -6.700e-01, 0.000e+00
2.775e-01, 1.702e+00, -9.658e-04, -6.602e-04, 3.748e-01, 3.748e-01, 7.046e+00, 2.386e+00, -6.700e-01, 0.000e+00
2.780e-01, 1.701e+00, -9.418e-04, -6.966e-04, 3.749e-01, 3.749e-01, 7.048e+00, 2.386e+00, -6.700e-01, 0.000e+00
2.785e-01, 1.699e+00, -9.059e-04, -7.463e-04, 3.751e-01, 3.751e-01, 7.052e+00, 2.385e+00, -6.700e-01, 0.000e+00
2.790e-01, 1.698e+00, -8.673e-04, -7.941e-04, 3.752e-01, 3.752e-01, 7.055e+00, 2.384e+00, -6.700e-01, 0.000e+00
2.795e-01, 1.696e+00, -8.261e-04, -8.401e-04, 3.754e-01, 3.754e-01, 7.059e+00, 2.383e+00, -6.700e-01, 0.000e+00
2.800e-01, 1.695e+00, -7.824e-04, -8.840e-04, 3.755e-01, 3.755e-01, 7.062e+00, 2.382e+00, -6.700e-01, 0.000e+00
2.805e-01, 1.694e+00, -7.362e-04, -9.257e-04, 3.756e-01, 3.756e-01, 7.066e+00, 2.381e+00, -6.700e-01, 0.000e+00
2.810e-01, 1.692e+00, -6.896e-04, -9.636e-04, 3.758e-01, 3.758e-01, 7.069e+00, 2.380e+00, -6.700e-01, 0.000e+00
2.815e-01, 1.691e+00, -6.409e-04, -9.993e-04, 3.759e-01, 3.759e-01, 7.073e+00, 2.379e+00, -6.700e-01, 0.000e+00
2.820e-01, 1.689e+00, -5.903e-04, -1.033e-03, 3.761e-01, 3.761e-01, 7.076e+00, 2.378e+00, -6.700e-01, 0.000e+00
2.825e-01, 1.688e+00, -5.222e-04, -1.072e-03, 3.762e-01, 3.762e-01, 7.081e+00, 2.377e+00, -6.700e-01, 0.000e+00
2.830e-01, 1.686e+00, -4.685e-04, -1.099e-03, 3.764e-01, 3.764e-01, 7.084e+00, 2.376e+00, -6.700e-01, 0.000e+00
2.835e-01, 1.685e+00, -4.134e-04, -1.123e-03, 3.765e-01, 3.765e-01, 7.088e+00, 2.375e+00, -6.700e-01, 0.000e+00
2.840e-01, 1.684e+00, -3.570e-04, -1.144e-03, 3.767e-01, 3.766e-01, 7.091e+00, 2.374e+00, -6.700e-01, 0.000e+00
2.845e-01, 1.682e+00, -2.993e-04, -1.163e-03, 3.768e-01, 3.768e-01, 7.094e+00, 2.373e+00, -6.700e-01, 0.000e+00
2.850e-01, 1.681e+00, -2.406e-04, -1.179e-03, 3.769e-01, 3.769e-01, 7.098e+00, 2.373e+00, -6.700e-01, 0.000e+00
2.855e-01, 1.680e+00, -1.810e-04, -1.192e-03, 3.771e-01, 3.770e-01, 7.101e+00, 2.372e+00, -6.700e-01, 0.000e+00
2.860e-01, 1.678e+00, -1.206e-04, -1.202e-03, 3.772e-01, 3.772e-01, 7.105e+00, 2.371e+00, -6.700e-01, 0.000e+00
2.865e-01, 1.677e+00, -5.965e-05, -1.208e-03, 3.773e-01, 3.773e-01, 7.108e+00, 2.370e+00, -6.700e-01, 0.000e+00
2.870e-01, 1.675e+00, 1.740e-06, -1.212e-03, 3.775e-01, 3.775e-01, 7.111e+00, 2.369e+00, -6.700e-01, 0.000e+00
2.875e-01, 1.674e+00, 6.341e-05, -1.213e-03, 3.776e-01, 3.776e-01, 7.115e+00, 2.368e+00, -6.700e-01, 0.000e+00
2.880e-01, 1.673e+00, 1.269e-04, -1.210e-03, 3.777e-01, 3.777e-01, 7.118e+00, 2.367e+00, -6.700e-01, 0.000e+00
2.885e-01, 1.671e+00, 1.905e-04, -1.204e-03, 3.779e-01, 3.779e-01, 7.122e+00, 2.366e+00, -6.700e-01, 0.000e+00
2.890e-01, 1.670e+00, 2.538e-04, -1.195e-03, 3.780e-01, 3.780e-01, 7.125e+00, 2.365e+00, -6.700e-01, 0.000e+00
2.895e-01, 1.668e+00, 3.168e-04, -1.182e-03, 3.782e-01, 3.782e-01, 7.129e+00, 2.365e+00, -6.700e-01, 0.000e+00
2.900e-01, 1.667e+00, 3.791e-04, -1.166e-03, 3.783e-01, 3.783e-01, 7.132e+00, 2.364e+00, -6.700e-01, 0.000e+00
2.905e-01, 1.666e+00, 4.407e-04, -1.147e-03, 3.784e-01, 3.784e-01, 7.136e+00, 2.363e+00, -6.700e-01, 0.000e+00
2.910e-01, 1.664e+00, 5.014e-04, -1.124e-03, 3.786e-01, 3.786e-01, 7.139e+00, 2.362e+00, -6.700e-01, 0.000e+00
2.915e-01, 1.663e+00, 5.610e-04, -1.098e-03, 3.787e-01, 3.787e-01, 7.143e+00, 2.361e+00, -6.700e-01, 0.000e+00
2.920e-01, 1.661e+00, 6.194e-04, -1.069e-03, 3.789e-01, 3.789e-01, 7.146e+00, 2.360e+00, -6.700e-01, 0.000e+00
2.925e-01, 1.660e+00, 6.762e-04, -1.037e-03, 3.790e-01, 3.790e-01, 7.150e+00, 2.359e+00, -6.700e-01, 0.000e+00
2.930e-01, 1.659e+00, 7.316e-04, -1.001e-03, 3.791e-01, 3.791e-01, 7.153e+00, 2.358e+00, -6.700e-01, 0.000e+00
2.935e-01, 1.658e+00, 7.689e-04, -9.751e-04, 3.792e-01, 3.792e-01, 7.156e+00, 2.358e+00, -6.700e-01, 0.000e+00
2.940e-01, 1.656e+00, 8.203e-04, -9.354e-04, 3.794e-01, 3.794e-01, 7.159e+00, 2.357e+00, -6.700e-01, 0.000e+00
2.945e-01, 1.655e+00, 8.698e-04, -8.929e-04, 3.795e-01, 3.795e-01, 7.163e+00, 2.356e+00, -6.700e-01, 0.000e+00
2.950e-01, 1.654e+00, 9.171e-04, -8.477e-04, 3.797e-01, 3.796e-01, 7.166e+00, 2.355e+00, -6.700e-01, 0.000e+00
2.955e-01, 1.652e+00, 9.621e-04, -7.998e-04, 3.798e-01, 3.798e-01, 7.169e+00, 2.354e+00, -6.700e-01, 0.000e+00
2.960e-01, 1.651e+00, 1.004e-03, -7.507e-04, 3.799e-01, 3.799e-01, 7.173e+00, 2.353e+00, -6.700e-01, 0.000e+00
2.965e-01, 1.650e+00, 1.043e-03, -7.000e-04, 3.801e-01, 3.800e-01, 7.176e+00, 2.352e+00, -6.700e-01, 0.000e+00
2.970e-01, 1.648e+00, 1.079e-03, -6.472e-04, 3.802e-01, 3.802e-01, 7.179e+00, 2.351e+00, -6.700e-01, 0.000e+00
2.975e-01, 1.646e+00, 1.122e-03, -5.758e-04, 3.804e-01, 3.804e-01, 7.184e+00, 2.350e+00, -6.700e-01, 0.000e+00
2.980e-01, 1.645e+00, 1.152e-03, -5.197e-04, 3.805e-01, 3.805e-01, 7.187e+00, 2.349e+00, -6.700e-01, 0.000e+00
2.985e-01, 1.644e+00, 1.178e-03, -4.620e-04, 3.806e-01, 3.806e-01, 7.190e+00, 2.349e+00, -6.700e-01, 0.000e+00
2.990e-01, 1.643e+00, 1.202e-03, -4.029e-04, 3.808e-01, 3.807e-01, 7.194e+00, 2.348e+00, -6.700e-01, 0.000e+00
2.995e-01, 1.641e+00, 1.223e-03, -3.424e-04, 3.809e-01, 3.809e-01, 7.197e+00, 2.347e+00, -6.700e-01, 0.000e+00
3.000e-01, 1.640e+00, 1.241e-03, -2.807e-04, 3.810e-01, 3.810e-01, 7.200e+00, 2.346e+00, -6.700e-01, 0.000e+00
