# Time,     alpha,      beta,     p,      q,      r,    MX,     MY,     MZ 
5.000e-04, 6.983e-06, 5.285e-07, 9.982e+02, 5.276e-04, 6.970e-03, -1.286e-02, 0.000e+00, 0.000e+00
1.000e-03, 1.178e-05, 1.526e-06, 9.970e+02, 1.522e-03, 1.175e-02, -1.284e-02, 0.000e+00, 0.000e+00
1.500e-03, 1.645e-05, 3.030e-06, 9.957e+02, 3.017e-03, 1.638e-02, -1.283e-02, 0.000e+00, 0.000e+00
2.000e-03, 1.877e-05, 3.993e-06, 9.951e+02, 3.974e-03, 1.868e-02, -1.282e-02, 0.000e+00, 0.000e+00
2.500e-03, 2.312e-05, 6.223e-06, 9.939e+02, 6.185e-03, 2.298e-02, -1.280e-02, 0.000e+00, 0.000e+00
3.000e-03, 2.725e-05, 8.917e-06, 9.926e+02, 8.851e-03, 2.705e-02, -1.279e-02, 0.000e+00, 0.000e+00
3.500e-03, 3.110e-05, 1.206e-05, 9.914e+02, 1.195e-02, 3.084e-02, -1.277e-02, 0.000e+00, 0.000e+00
4.000e-03, 3.466e-05, 1.562e-05, 9.901e+02, 1.547e-02, 3.432e-02, -1.275e-02, 0.000e+00, 0.000e+00
4.500e-03, 3.786e-05, 1.956e-05, 9.889e+02, 1.934e-02, 3.744e-02, -1.274e-02, 0.000e+00, 0.000e+00
5.000e-03, 4.058e-05, 2.368e-05, 9.877e+02, 2.339e-02, 4.008e-02, -1.272e-02, 0.000e+00, 0.000e+00
5.500e-03, 4.295e-05, 2.812e-05, 9.866e+02, 2.774e-02, 4.237e-02, -1.271e-02, 0.000e+00, 0.000e+00
6.000e-03, 4.492e-05, 3.286e-05, 9.854e+02, 3.238e-02, 4.427e-02, -1.269e-02, 0.000e+00, 0.000e+00
6.500e-03, 4.649e-05, 3.785e-05, 9.842e+02, 3.725e-02, 4.576e-02, -1.267e-02, 0.000e+00, 0.000e+00
7.000e-03, 4.763e-05, 4.307e-05, 9.830e+02, 4.234e-02, 4.682e-02, -1.266e-02, 0.000e+00, 0.000e+00
7.500e-03, 4.831e-05, 4.849e-05, 9.818e+02, 4.761e-02, 4.743e-02, -1.264e-02, 0.000e+00, 0.000e+00
8.000e-03, 4.853e-05, 5.407e-05, 9.806e+02, 5.303e-02, 4.759e-02, -1.263e-02, 0.000e+00, 0.000e+00
8.500e-03, 4.826e-05, 5.978e-05, 9.795e+02, 5.855e-02, 4.727e-02, -1.261e-02, 0.000e+00, 0.000e+00
9.000e-03, 4.750e-05, 6.558e-05, 9.783e+02, 6.415e-02, 4.647e-02, -1.260e-02, 0.000e+00, 0.000e+00
9.500e-03, 4.623e-05, 7.143e-05, 9.771e+02, 6.979e-02, 4.517e-02, -1.258e-02, 0.000e+00, 0.000e+00
1.000e-02, 4.446e-05, 7.729e-05, 9.759e+02, 7.543e-02, 4.339e-02, -1.257e-02, 0.000e+00, 0.000e+00
1.050e-02, 4.217e-05, 8.313e-05, 9.748e+02, 8.103e-02, 4.111e-02, -1.255e-02, 0.000e+00, 0.000e+00
1.100e-02, 3.937e-05, 8.891e-05, 9.736e+02, 8.656e-02, 3.833e-02, -1.253e-02, 0.000e+00, 0.000e+00
1.150e-02, 3.605e-05, 9.459e-05, 9.724e+02, 9.198e-02, 3.506e-02, -1.252e-02, 0.000e+00, 0.000e+00
1.200e-02, 3.223e-05, 1.001e-04, 9.712e+02, 9.725e-02, 3.130e-02, -1.250e-02, 0.000e+00, 0.000e+00
1.250e-02, 2.790e-05, 1.055e-04, 9.701e+02, 1.023e-01, 2.706e-02, -1.249e-02, 0.000e+00, 0.000e+00
1.300e-02, 2.308e-05, 1.106e-04, 9.689e+02, 1.072e-01, 2.236e-02, -1.247e-02, 0.000e+00, 0.000e+00
1.350e-02, 1.777e-05, 1.155e-04, 9.677e+02, 1.118e-01, 1.719e-02, -1.246e-02, 0.000e+00, 0.000e+00
1.400e-02, 1.199e-05, 1.202e-04, 9.666e+02, 1.161e-01, 1.159e-02, -1.244e-02, 0.000e+00, 0.000e+00
1.450e-02, 5.758e-06, 1.244e-04, 9.654e+02, 1.201e-01, 5.559e-03, -1.243e-02, 0.000e+00, 0.000e+00
1.500e-02, -9.127e-07, 1.284e-04, 9.642e+02, 1.238e-01, -8.801e-04, -1.241e-02, 0.000e+00, 0.000e+00
1.550e-02, -8.003e-06, 1.319e-04, 9.631e+02, 1.270e-01, -7.707e-03, -1.239e-02, 0.000e+00, 0.000e+00
1.600e-02, -1.521e-05, 1.349e-04, 9.619e+02, 1.298e-01, -1.463e-02, -1.238e-02, 0.000e+00, 0.000e+00
1.650e-02, -2.269e-05, 1.375e-04, 9.608e+02, 1.321e-01, -2.180e-02, -1.237e-02, 0.000e+00, 0.000e+00
1.700e-02, -3.049e-05, 1.396e-04, 9.597e+02, 1.340e-01, -2.926e-02, -1.235e-02, 0.000e+00, 0.000e+00
1.750e-02, -3.858e-05, 1.412e-04, 9.586e+02, 1.354e-01, -3.698e-02, -1.234e-02, 0.000e+00, 0.000e+00
1.800e-02, -4.693e-05, 1.424e-04, 9.575e+02, 1.363e-01, -4.493e-02, -1.232e-02, 0.000e+00, 0.000e+00
1.850e-02, -5.550e-05, 1.430e-04, 9.563e+02, 1.368e-01, -5.308e-02, -1.231e-02, 0.000e+00, 0.000e+00
1.900e-02, -6.427e-05, 1.431e-04, 9.552e+02, 1.367e-01, -6.140e-02, -1.229e-02, 0.000e+00, 0.000e+00
1.950e-02, -7.320e-05, 1.426e-04, 9.541e+02, 1.361e-01, -6.984e-02, -1.228e-02, 0.000e+00, 0.000e+00
2.000e-02, -8.225e-05, 1.416e-04, 9.530e+02, 1.349e-01, -7.838e-02, -1.226e-02, 0.000e+00, 0.000e+00
2.050e-02, -9.138e-05, 1.399e-04, 9.519e+02, 1.332e-01, -8.698e-02, -1.225e-02, 0.000e+00, 0.000e+00
2.100e-02, -1.006e-04, 1.377e-04, 9.508e+02, 1.309e-01, -9.561e-02, -1.223e-02, 0.000e+00, 0.000e+00
2.150e-02, -1.097e-04, 1.348e-04, 9.497e+02, 1.280e-01, -1.042e-01, -1.222e-02, 0.000e+00, 0.000e+00
2.200e-02, -1.189e-04, 1.314e-04, 9.485e+02, 1.246e-01, -1.128e-01, -1.220e-02, 0.000e+00, 0.000e+00
2.250e-02, -1.280e-04, 1.273e-04, 9.474e+02, 1.206e-01, -1.212e-01, -1.219e-02, 0.000e+00, 0.000e+00
2.300e-02, -1.369e-04, 1.226e-04, 9.463e+02, 1.160e-01, -1.296e-01, -1.217e-02, 0.000e+00, 0.000e+00
2.350e-02, -1.457e-04, 1.173e-04, 9.452e+02, 1.108e-01, -1.377e-01, -1.216e-02, 0.000e+00, 0.000e+00
2.400e-02, -1.543e-04, 1.113e-04, 9.441e+02, 1.051e-01, -1.457e-01, -1.214e-02, 0.000e+00, 0.000e+00
2.450e-02, -1.627e-04, 1.048e-04, 9.430e+02, 9.880e-02, -1.534e-01, -1.213e-02, 0.000e+00, 0.000e+00
2.500e-02, -1.708e-04, 9.763e-05, 9.419e+02, 9.196e-02, -1.608e-01, -1.212e-02, 0.000e+00, 0.000e+00
2.550e-02, -1.785e-04, 8.991e-05, 9.408e+02, 8.459e-02, -1.679e-01, -1.210e-02, 0.000e+00, 0.000e+00
2.600e-02, -1.859e-04, 8.161e-05, 9.397e+02, 7.669e-02, -1.747e-01, -1.209e-02, 0.000e+00, 0.000e+00
2.650e-02, -1.929e-04, 7.277e-05, 9.386e+02, 6.830e-02, -1.811e-01, -1.207e-02, 0.000e+00, 0.000e+00
2.700e-02, -1.995e-04, 6.338e-05, 9.375e+02, 5.942e-02, -1.870e-01, -1.206e-02, 0.000e+00, 0.000e+00
2.750e-02, -2.055e-04, 5.347e-05, 9.364e+02, 5.007e-02, -1.925e-01, -1.204e-02, 0.000e+00, 0.000e+00
2.800e-02, -2.111e-04, 4.319e-05, 9.353e+02, 4.039e-02, -1.974e-01, -1.203e-02, 0.000e+00, 0.000e+00
2.850e-02, -2.159e-04, 3.286e-05, 9.343e+02, 3.070e-02, -2.017e-01, -1.201e-02, 0.000e+00, 0.000e+00
2.900e-02, -2.201e-04, 2.212e-05, 9.332e+02, 2.064e-02, -2.054e-01, -1.200e-02, 0.000e+00, 0.000e+00
2.950e-02, -2.239e-04, 1.099e-05, 9.322e+02, 1.025e-02, -2.087e-01, -1.199e-02, 0.000e+00, 0.000e+00
3.000e-02, -2.270e-04, -4.833e-07, 9.311e+02, -4.501e-04, -2.114e-01, -1.197e-02, 0.000e+00, 0.000e+00
3.050e-02, -2.296e-04, -1.228e-05, 9.301e+02, -1.142e-02, -2.135e-01, -1.196e-02, 0.000e+00, 0.000e+00
3.100e-02, -2.315e-04, -2.447e-05, 9.290e+02, -2.273e-02, -2.151e-01, -1.194e-02, 0.000e+00, 0.000e+00
3.150e-02, -2.327e-04, -3.691e-05, 9.280e+02, -3.425e-02, -2.160e-01, -1.193e-02, 0.000e+00, 0.000e+00
3.200e-02, -2.333e-04, -4.957e-05, 9.269e+02, -4.594e-02, -2.162e-01, -1.192e-02, 0.000e+00, 0.000e+00
3.250e-02, -2.331e-04, -6.239e-05, 9.259e+02, -5.776e-02, -2.158e-01, -1.190e-02, 0.000e+00, 0.000e+00
3.300e-02, -2.322e-04, -7.533e-05, 9.248e+02, -6.967e-02, -2.148e-01, -1.189e-02, 0.000e+00, 0.000e+00
3.350e-02, -2.306e-04, -8.837e-05, 9.238e+02, -8.163e-02, -2.130e-01, -1.188e-02, 0.000e+00, 0.000e+00
3.400e-02, -2.282e-04, -1.014e-04, 9.227e+02, -9.360e-02, -2.106e-01, -1.186e-02, 0.000e+00, 0.000e+00
3.450e-02, -2.250e-04, -1.145e-04, 9.217e+02, -1.055e-01, -2.074e-01, -1.185e-02, 0.000e+00, 0.000e+00
3.500e-02, -2.211e-04, -1.275e-04, 9.206e+02, -1.174e-01, -2.035e-01, -1.183e-02, 0.000e+00, 0.000e+00
3.550e-02, -2.164e-04, -1.404e-04, 9.196e+02, -1.291e-01, -1.990e-01, -1.182e-02, 0.000e+00, 0.000e+00
3.600e-02, -2.109e-04, -1.532e-04, 9.185e+02, -1.407e-01, -1.937e-01, -1.181e-02, 0.000e+00, 0.000e+00
3.650e-02, -2.047e-04, -1.658e-04, 9.175e+02, -1.521e-01, -1.878e-01, -1.179e-02, 0.000e+00, 0.000e+00
3.700e-02, -1.977e-04, -1.781e-04, 9.164e+02, -1.633e-01, -1.811e-01, -1.178e-02, 0.000e+00, 0.000e+00
3.750e-02, -1.899e-04, -1.902e-04, 9.154e+02, -1.741e-01, -1.738e-01, -1.176e-02, 0.000e+00, 0.000e+00
3.800e-02, -1.813e-04, -2.019e-04, 9.144e+02, -1.846e-01, -1.658e-01, -1.175e-02, 0.000e+00, 0.000e+00
3.850e-02, -1.721e-04, -2.133e-04, 9.133e+02, -1.948e-01, -1.572e-01, -1.174e-02, 0.000e+00, 0.000e+00
3.900e-02, -1.621e-04, -2.242e-04, 9.123e+02, -2.046e-01, -1.479e-01, -1.172e-02, 0.000e+00, 0.000e+00
3.950e-02, -1.514e-04, -2.347e-04, 9.112e+02, -2.139e-01, -1.380e-01, -1.171e-02, 0.000e+00, 0.000e+00
4.000e-02, -1.400e-04, -2.447e-04, 9.102e+02, -2.227e-01, -1.274e-01, -1.170e-02, 0.000e+00, 0.000e+00
4.050e-02, -1.280e-04, -2.541e-04, 9.092e+02, -2.310e-01, -1.163e-01, -1.168e-02, 0.000e+00, 0.000e+00
4.100e-02, -1.153e-04, -2.629e-04, 9.081e+02, -2.388e-01, -1.047e-01, -1.167e-02, 0.000e+00, 0.000e+00
4.150e-02, -1.024e-04, -2.709e-04, 9.071e+02, -2.457e-01, -9.290e-02, -1.166e-02, 0.000e+00, 0.000e+00
4.200e-02, -8.920e-05, -2.781e-04, 9.061e+02, -2.520e-01, -8.083e-02, -1.164e-02, 0.000e+00, 0.000e+00
4.250e-02, -7.548e-05, -2.846e-04, 9.052e+02, -2.576e-01, -6.833e-02, -1.163e-02, 0.000e+00, 0.000e+00
4.300e-02, -6.129e-05, -2.905e-04, 9.042e+02, -2.626e-01, -5.542e-02, -1.162e-02, 0.000e+00, 0.000e+00
4.350e-02, -4.666e-05, -2.956e-04, 9.032e+02, -2.670e-01, -4.215e-02, -1.160e-02, 0.000e+00, 0.000e+00
4.400e-02, -3.171e-05, -3.000e-04, 9.022e+02, -2.707e-01, -2.861e-02, -1.159e-02, 0.000e+00, 0.000e+00
4.450e-02, -1.640e-05, -3.036e-04, 9.012e+02, -2.736e-01, -1.478e-02, -1.158e-02, 0.000e+00, 0.000e+00
4.500e-02, -7.776e-07, -3.064e-04, 9.002e+02, -2.759e-01, -7.000e-04, -1.156e-02, 0.000e+00, 0.000e+00
4.550e-02, 1.511e-05, -3.084e-04, 8.992e+02, -2.774e-01, 1.359e-02, -1.155e-02, 0.000e+00, 0.000e+00
4.600e-02, 3.139e-05, -3.096e-04, 8.983e+02, -2.781e-01, 2.819e-02, -1.154e-02, 0.000e+00, 0.000e+00
4.650e-02, 4.786e-05, -3.099e-04, 8.973e+02, -2.780e-01, 4.294e-02, -1.152e-02, 0.000e+00, 0.000e+00
4.700e-02, 6.446e-05, -3.093e-04, 8.963e+02, -2.772e-01, 5.778e-02, -1.151e-02, 0.000e+00, 0.000e+00
4.750e-02, 8.546e-05, -3.072e-04, 8.950e+02, -2.749e-01, 7.649e-02, -1.150e-02, 0.000e+00, 0.000e+00
4.800e-02, 1.020e-04, -3.045e-04, 8.940e+02, -2.723e-01, 9.124e-02, -1.148e-02, 0.000e+00, 0.000e+00
4.850e-02, 1.186e-04, -3.009e-04, 8.931e+02, -2.688e-01, 1.059e-01, -1.147e-02, 0.000e+00, 0.000e+00
4.900e-02, 1.351e-04, -2.964e-04, 8.921e+02, -2.644e-01, 1.205e-01, -1.146e-02, 0.000e+00, 0.000e+00
4.950e-02, 1.515e-04, -2.910e-04, 8.911e+02, -2.593e-01, 1.350e-01, -1.144e-02, 0.000e+00, 0.000e+00
5.000e-02, 1.676e-04, -2.846e-04, 8.901e+02, -2.534e-01, 1.492e-01, -1.143e-02, 0.000e+00, 0.000e+00
5.050e-02, 1.798e-04, -2.792e-04, 8.894e+02, -2.483e-01, 1.599e-01, -1.142e-02, 0.000e+00, 0.000e+00
5.100e-02, 1.955e-04, -2.712e-04, 8.884e+02, -2.409e-01, 1.737e-01, -1.141e-02, 0.000e+00, 0.000e+00
5.150e-02, 2.109e-04, -2.623e-04, 8.874e+02, -2.328e-01, 1.872e-01, -1.140e-02, 0.000e+00, 0.000e+00
5.200e-02, 2.259e-04, -2.525e-04, 8.865e+02, -2.238e-01, 2.003e-01, -1.138e-02, 0.000e+00, 0.000e+00
5.250e-02, 2.405e-04, -2.418e-04, 8.855e+02, -2.142e-01, 2.129e-01, -1.137e-02, 0.000e+00, 0.000e+00
5.300e-02, 2.545e-04, -2.303e-04, 8.845e+02, -2.037e-01, 2.251e-01, -1.136e-02, 0.000e+00, 0.000e+00
5.350e-02, 2.681e-04, -2.180e-04, 8.835e+02, -1.926e-01, 2.368e-01, -1.134e-02, 0.000e+00, 0.000e+00
5.400e-02, 2.810e-04, -2.048e-04, 8.826e+02, -1.808e-01, 2.480e-01, -1.133e-02, 0.000e+00, 0.000e+00
5.450e-02, 2.933e-04, -1.908e-04, 8.816e+02, -1.682e-01, 2.585e-01, -1.132e-02, 0.000e+00, 0.000e+00
5.500e-02, 3.049e-04, -1.761e-04, 8.806e+02, -1.551e-01, 2.685e-01, -1.131e-02, 0.000e+00, 0.000e+00
5.550e-02, 3.154e-04, -1.611e-04, 8.797e+02, -1.417e-01, 2.775e-01, -1.129e-02, 0.000e+00, 0.000e+00
5.600e-02, 3.251e-04, -1.457e-04, 8.787e+02, -1.281e-01, 2.857e-01, -1.128e-02, 0.000e+00, 0.000e+00
5.650e-02, 3.341e-04, -1.297e-04, 8.778e+02, -1.139e-01, 2.932e-01, -1.127e-02, 0.000e+00, 0.000e+00
5.700e-02, 3.422e-04, -1.132e-04, 8.769e+02, -9.922e-02, 3.001e-01, -1.126e-02, 0.000e+00, 0.000e+00
5.750e-02, 3.495e-04, -9.605e-05, 8.760e+02, -8.414e-02, 3.062e-01, -1.124e-02, 0.000e+00, 0.000e+00
5.800e-02, 3.560e-04, -7.847e-05, 8.750e+02, -6.866e-02, 3.115e-01, -1.123e-02, 0.000e+00, 0.000e+00
5.850e-02, 3.616e-04, -6.044e-05, 8.741e+02, -5.283e-02, 3.161e-01, -1.122e-02, 0.000e+00, 0.000e+00
5.900e-02, 3.662e-04, -4.203e-05, 8.732e+02, -3.670e-02, 3.198e-01, -1.121e-02, 0.000e+00, 0.000e+00
5.950e-02, 3.699e-04, -2.327e-05, 8.723e+02, -2.030e-02, 3.227e-01, -1.119e-02, 0.000e+00, 0.000e+00
6.000e-02, 3.736e-04, 4.658e-06, 8.709e+02, 4.057e-03, 3.254e-01, -1.118e-02, 0.000e+00, 0.000e+00
6.050e-02, 3.749e-04, 2.393e-05, 8.700e+02, 2.082e-02, 3.261e-01, -1.117e-02, 0.000e+00, 0.000e+00
6.100e-02, 3.751e-04, 4.367e-05, 8.691e+02, 3.795e-02, 3.260e-01, -1.115e-02, 0.000e+00, 0.000e+00
6.150e-02, 3.743e-04, 6.359e-05, 8.681e+02, 5.521e-02, 3.250e-01, -1.114e-02, 0.000e+00, 0.000e+00
6.200e-02, 3.724e-04, 8.358e-05, 8.672e+02, 7.248e-02, 3.230e-01, -1.113e-02, 0.000e+00, 0.000e+00
6.250e-02, 3.695e-04, 1.036e-04, 8.663e+02, 8.971e-02, 3.201e-01, -1.112e-02, 0.000e+00, 0.000e+00
6.300e-02, 3.654e-04, 1.235e-04, 8.654e+02, 1.069e-01, 3.162e-01, -1.110e-02, 0.000e+00, 0.000e+00
6.350e-02, 3.628e-04, 1.343e-04, 8.648e+02, 1.162e-01, 3.137e-01, -1.110e-02, 0.000e+00, 0.000e+00
6.400e-02, 3.570e-04, 1.540e-04, 8.639e+02, 1.330e-01, 3.084e-01, -1.108e-02, 0.000e+00, 0.000e+00
6.450e-02, 3.502e-04, 1.734e-04, 8.630e+02, 1.497e-01, 3.022e-01, -1.107e-02, 0.000e+00, 0.000e+00
6.500e-02, 3.423e-04, 1.926e-04, 8.621e+02, 1.660e-01, 2.951e-01, -1.106e-02, 0.000e+00, 0.000e+00
6.550e-02, 3.334e-04, 2.114e-04, 8.611e+02, 1.821e-01, 2.871e-01, -1.105e-02, 0.000e+00, 0.000e+00
6.600e-02, 3.233e-04, 2.299e-04, 8.602e+02, 1.977e-01, 2.781e-01, -1.104e-02, 0.000e+00, 0.000e+00
6.650e-02, 3.123e-04, 2.478e-04, 8.593e+02, 2.130e-01, 2.683e-01, -1.102e-02, 0.000e+00, 0.000e+00
6.700e-02, 3.002e-04, 2.653e-04, 8.584e+02, 2.277e-01, 2.577e-01, -1.101e-02, 0.000e+00, 0.000e+00
6.750e-02, 2.871e-04, 2.822e-04, 8.575e+02, 2.420e-01, 2.462e-01, -1.100e-02, 0.000e+00, 0.000e+00
6.800e-02, 2.731e-04, 2.984e-04, 8.565e+02, 2.556e-01, 2.339e-01, -1.099e-02, 0.000e+00, 0.000e+00
6.850e-02, 2.581e-04, 3.140e-04, 8.556e+02, 2.687e-01, 2.208e-01, -1.098e-02, 0.000e+00, 0.000e+00
6.900e-02, 2.422e-04, 3.288e-04, 8.547e+02, 2.811e-01, 2.070e-01, -1.096e-02, 0.000e+00, 0.000e+00
6.950e-02, 2.254e-04, 3.429e-04, 8.538e+02, 2.927e-01, 1.924e-01, -1.095e-02, 0.000e+00, 0.000e+00
7.000e-02, 2.084e-04, 3.556e-04, 8.529e+02, 3.033e-01, 1.777e-01, -1.094e-02, 0.000e+00, 0.000e+00
7.050e-02, 1.866e-04, 3.700e-04, 8.518e+02, 3.152e-01, 1.590e-01, -1.093e-02, 0.000e+00, 0.000e+00
7.100e-02, 1.683e-04, 3.807e-04, 8.510e+02, 3.240e-01, 1.432e-01, -1.091e-02, 0.000e+00, 0.000e+00
7.150e-02, 1.493e-04, 3.905e-04, 8.501e+02, 3.320e-01, 1.269e-01, -1.090e-02, 0.000e+00, 0.000e+00
7.200e-02, 1.296e-04, 3.994e-04, 8.492e+02, 3.391e-01, 1.101e-01, -1.089e-02, 0.000e+00, 0.000e+00
7.250e-02, 1.095e-04, 4.072e-04, 8.483e+02, 3.455e-01, 9.285e-02, -1.088e-02, 0.000e+00, 0.000e+00
7.300e-02, 8.876e-05, 4.141e-04, 8.475e+02, 3.509e-01, 7.522e-02, -1.087e-02, 0.000e+00, 0.000e+00
7.350e-02, 6.761e-05, 4.199e-04, 8.466e+02, 3.555e-01, 5.724e-02, -1.086e-02, 0.000e+00, 0.000e+00
7.400e-02, 4.606e-05, 4.246e-04, 8.457e+02, 3.591e-01, 3.896e-02, -1.084e-02, 0.000e+00, 0.000e+00
7.450e-02, 2.941e-05, 4.275e-04, 8.451e+02, 3.613e-01, 2.486e-02, -1.084e-02, 0.000e+00, 0.000e+00
7.500e-02, -2.518e-06, 4.311e-04, 8.438e+02, 3.638e-01, -2.125e-03, -1.082e-02, 0.000e+00, 0.000e+00
7.550e-02, -2.471e-05, 4.322e-04, 8.429e+02, 3.643e-01, -2.083e-02, -1.081e-02, 0.000e+00, 0.000e+00
7.600e-02, -4.738e-05, 4.321e-04, 8.421e+02, 3.639e-01, -3.990e-02, -1.080e-02, 0.000e+00, 0.000e+00
7.650e-02, -7.026e-05, 4.308e-04, 8.412e+02, 3.624e-01, -5.910e-02, -1.078e-02, 0.000e+00, 0.000e+00
7.700e-02, -9.317e-05, 4.283e-04, 8.403e+02, 3.599e-01, -7.829e-02, -1.077e-02, 0.000e+00, 0.000e+00
7.750e-02, -1.110e-04, 4.255e-04, 8.396e+02, 3.573e-01, -9.318e-02, -1.076e-02, 0.000e+00, 0.000e+00
7.800e-02, -1.336e-04, 4.209e-04, 8.387e+02, 3.530e-01, -1.120e-01, -1.075e-02, 0.000e+00, 0.000e+00
7.850e-02, -1.560e-04, 4.150e-04, 8.379e+02, 3.477e-01, -1.307e-01, -1.074e-02, 0.000e+00, 0.000e+00
7.900e-02, -1.782e-04, 4.079e-04, 8.370e+02, 3.414e-01, -1.491e-01, -1.073e-02, 0.000e+00, 0.000e+00
7.950e-02, -2.001e-04, 3.997e-04, 8.361e+02, 3.342e-01, -1.673e-01, -1.072e-02, 0.000e+00, 0.000e+00
8.000e-02, -2.216e-04, 3.902e-04, 8.352e+02, 3.259e-01, -1.851e-01, -1.071e-02, 0.000e+00, 0.000e+00
8.050e-02, -2.428e-04, 3.795e-04, 8.344e+02, 3.167e-01, -2.026e-01, -1.070e-02, 0.000e+00, 0.000e+00
8.100e-02, -2.634e-04, 3.677e-04, 8.335e+02, 3.065e-01, -2.196e-01, -1.068e-02, 0.000e+00, 0.000e+00
8.150e-02, -2.835e-04, 3.547e-04, 8.326e+02, 2.953e-01, -2.361e-01, -1.067e-02, 0.000e+00, 0.000e+00
8.200e-02, -3.030e-04, 3.406e-04, 8.318e+02, 2.833e-01, -2.521e-01, -1.066e-02, 0.000e+00, 0.000e+00
8.250e-02, -3.219e-04, 3.254e-04, 8.309e+02, 2.703e-01, -2.674e-01, -1.065e-02, 0.000e+00, 0.000e+00
8.300e-02, -3.366e-04, 3.122e-04, 8.302e+02, 2.592e-01, -2.794e-01, -1.064e-02, 0.000e+00, 0.000e+00
8.350e-02, -3.540e-04, 2.952e-04, 8.293e+02, 2.448e-01, -2.936e-01, -1.063e-02, 0.000e+00, 0.000e+00
8.400e-02, -3.705e-04, 2.771e-04, 8.284e+02, 2.296e-01, -3.070e-01, -1.062e-02, 0.000e+00, 0.000e+00
8.450e-02, -3.859e-04, 2.583e-04, 8.276e+02, 2.138e-01, -3.194e-01, -1.061e-02, 0.000e+00, 0.000e+00
8.500e-02, -4.000e-04, 2.393e-04, 8.268e+02, 1.978e-01, -3.307e-01, -1.059e-02, 0.000e+00, 0.000e+00
8.550e-02, -4.132e-04, 2.194e-04, 8.259e+02, 1.812e-01, -3.413e-01, -1.058e-02, 0.000e+00, 0.000e+00
8.600e-02, -4.254e-04, 1.988e-04, 8.251e+02, 1.640e-01, -3.510e-01, -1.057e-02, 0.000e+00, 0.000e+00
8.650e-02, -4.365e-04, 1.774e-04, 8.243e+02, 1.463e-01, -3.598e-01, -1.056e-02, 0.000e+00, 0.000e+00
8.700e-02, -4.467e-04, 1.554e-04, 8.234e+02, 1.280e-01, -3.678e-01, -1.055e-02, 0.000e+00, 0.000e+00
8.750e-02, -4.557e-04, 1.328e-04, 8.226e+02, 1.093e-01, -3.748e-01, -1.054e-02, 0.000e+00, 0.000e+00
8.800e-02, -4.668e-04, 9.886e-05, 8.214e+02, 8.120e-02, -3.834e-01, -1.052e-02, 0.000e+00, 0.000e+00
8.850e-02, -4.729e-04, 7.520e-05, 8.206e+02, 6.170e-02, -3.880e-01, -1.051e-02, 0.000e+00, 0.000e+00
8.900e-02, -4.778e-04, 5.113e-05, 8.197e+02, 4.191e-02, -3.916e-01, -1.050e-02, 0.000e+00, 0.000e+00
8.950e-02, -4.814e-04, 2.673e-05, 8.189e+02, 2.189e-02, -3.943e-01, -1.049e-02, 0.000e+00, 0.000e+00
9.000e-02, -4.839e-04, 2.053e-06, 8.181e+02, 1.680e-03, -3.958e-01, -1.048e-02, 0.000e+00, 0.000e+00
9.050e-02, -4.850e-04, -2.283e-05, 8.172e+02, -1.866e-02, -3.964e-01, -1.047e-02, 0.000e+00, 0.000e+00
9.100e-02, -4.849e-04, -4.817e-05, 8.164e+02, -3.933e-02, -3.959e-01, -1.046e-02, 0.000e+00, 0.000e+00
9.150e-02, -4.834e-04, -7.381e-05, 8.156e+02, -6.020e-02, -3.942e-01, -1.045e-02, 0.000e+00, 0.000e+00
9.200e-02, -4.805e-04, -9.946e-05, 8.147e+02, -8.103e-02, -3.915e-01, -1.044e-02, 0.000e+00, 0.000e+00
9.250e-02, -4.763e-04, -1.250e-04, 8.139e+02, -1.018e-01, -3.877e-01, -1.043e-02, 0.000e+00, 0.000e+00
9.300e-02, -4.707e-04, -1.505e-04, 8.130e+02, -1.223e-01, -3.827e-01, -1.041e-02, 0.000e+00, 0.000e+00
9.350e-02, -4.637e-04, -1.757e-04, 8.122e+02, -1.427e-01, -3.766e-01, -1.040e-02, 0.000e+00, 0.000e+00
9.400e-02, -4.554e-04, -2.006e-04, 8.114e+02, -1.628e-01, -3.695e-01, -1.039e-02, 0.000e+00, 0.000e+00
9.450e-02, -4.457e-04, -2.252e-04, 8.105e+02, -1.825e-01, -3.612e-01, -1.038e-02, 0.000e+00, 0.000e+00
9.500e-02, -4.346e-04, -2.493e-04, 8.097e+02, -2.018e-01, -3.519e-01, -1.037e-02, 0.000e+00, 0.000e+00
9.550e-02, -4.280e-04, -2.623e-04, 8.092e+02, -2.123e-01, -3.463e-01, -1.036e-02, 0.000e+00, 0.000e+00
9.600e-02, -4.150e-04, -2.855e-04, 8.084e+02, -2.308e-01, -3.355e-01, -1.035e-02, 0.000e+00, 0.000e+00
9.650e-02, -4.007e-04, -3.081e-04, 8.076e+02, -2.488e-01, -3.236e-01, -1.034e-02, 0.000e+00, 0.000e+00
9.700e-02, -3.851e-04, -3.300e-04, 8.067e+02, -2.662e-01, -3.107e-01, -1.033e-02, 0.000e+00, 0.000e+00
9.750e-02, -3.683e-04, -3.511e-04, 8.059e+02, -2.829e-01, -2.968e-01, -1.032e-02, 0.000e+00, 0.000e+00
9.800e-02, -3.504e-04, -3.714e-04, 8.051e+02, -2.990e-01, -2.821e-01, -1.031e-02, 0.000e+00, 0.000e+00
9.850e-02, -3.278e-04, -3.940e-04, 8.041e+02, -3.168e-01, -2.636e-01, -1.030e-02, 0.000e+00, 0.000e+00
9.900e-02, -3.074e-04, -4.123e-04, 8.032e+02, -3.312e-01, -2.469e-01, -1.029e-02, 0.000e+00, 0.000e+00
9.950e-02, -2.864e-04, -4.292e-04, 8.024e+02, -3.444e-01, -2.298e-01, -1.027e-02, 0.000e+00, 0.000e+00
1.000e-01, -2.650e-04, -4.446e-04, 8.016e+02, -3.564e-01, -2.125e-01, -1.026e-02, 0.000e+00, 0.000e+00
1.005e-01, -2.428e-04, -4.590e-04, 8.008e+02, -3.676e-01, -1.945e-01, -1.025e-02, 0.000e+00, 0.000e+00
1.010e-01, -2.198e-04, -4.723e-04, 8.000e+02, -3.778e-01, -1.758e-01, -1.024e-02, 0.000e+00, 0.000e+00
1.015e-01, -1.959e-04, -4.844e-04, 7.992e+02, -3.872e-01, -1.566e-01, -1.023e-02, 0.000e+00, 0.000e+00
1.020e-01, -1.713e-04, -4.954e-04, 7.984e+02, -3.956e-01, -1.368e-01, -1.022e-02, 0.000e+00, 0.000e+00
1.025e-01, -1.461e-04, -5.051e-04, 7.976e+02, -4.029e-01, -1.166e-01, -1.021e-02, 0.000e+00, 0.000e+00
1.030e-01, -1.203e-04, -5.136e-04, 7.968e+02, -4.093e-01, -9.587e-02, -1.020e-02, 0.000e+00, 0.000e+00
1.035e-01, -8.769e-05, -5.222e-04, 7.959e+02, -4.156e-01, -6.979e-02, -1.019e-02, 0.000e+00, 0.000e+00
1.040e-01, -6.114e-05, -5.276e-04, 7.951e+02, -4.195e-01, -4.861e-02, -1.018e-02, 0.000e+00, 0.000e+00
1.045e-01, -3.423e-05, -5.317e-04, 7.943e+02, -4.223e-01, -2.719e-02, -1.017e-02, 0.000e+00, 0.000e+00
1.050e-01, -7.019e-06, -5.344e-04, 7.935e+02, -4.240e-01, -5.569e-03, -1.016e-02, 0.000e+00, 0.000e+00
1.055e-01, 2.041e-05, -5.357e-04, 7.927e+02, -4.247e-01, 1.618e-02, -1.015e-02, 0.000e+00, 0.000e+00
1.060e-01, 4.826e-05, -5.356e-04, 7.919e+02, -4.241e-01, 3.822e-02, -1.014e-02, 0.000e+00, 0.000e+00
1.065e-01, 7.654e-05, -5.340e-04, 7.911e+02, -4.224e-01, 6.055e-02, -1.013e-02, 0.000e+00, 0.000e+00
1.070e-01, 1.048e-04, -5.308e-04, 7.903e+02, -4.195e-01, 8.284e-02, -1.012e-02, 0.000e+00, 0.000e+00
1.075e-01, 1.330e-04, -5.262e-04, 7.895e+02, -4.154e-01, 1.050e-01, -1.010e-02, 0.000e+00, 0.000e+00
1.080e-01, 1.610e-04, -5.201e-04, 7.887e+02, -4.102e-01, 1.270e-01, -1.009e-02, 0.000e+00, 0.000e+00
1.085e-01, 1.823e-04, -5.144e-04, 7.881e+02, -4.054e-01, 1.437e-01, -1.009e-02, 0.000e+00, 0.000e+00
1.090e-01, 2.095e-04, -5.057e-04, 7.873e+02, -3.981e-01, 1.650e-01, -1.008e-02, 0.000e+00, 0.000e+00
1.095e-01, 2.364e-04, -4.955e-04, 7.865e+02, -3.898e-01, 1.859e-01, -1.007e-02, 0.000e+00, 0.000e+00
1.100e-01, 2.628e-04, -4.840e-04, 7.857e+02, -3.802e-01, 2.065e-01, -1.005e-02, 0.000e+00, 0.000e+00
1.105e-01, 2.887e-04, -4.709e-04, 7.849e+02, -3.696e-01, 2.266e-01, -1.004e-02, 0.000e+00, 0.000e+00
1.110e-01, 3.140e-04, -4.565e-04, 7.841e+02, -3.580e-01, 2.462e-01, -1.003e-02, 0.000e+00, 0.000e+00
1.115e-01, 3.386e-04, -4.407e-04, 7.833e+02, -3.452e-01, 2.652e-01, -1.002e-02, 0.000e+00, 0.000e+00
1.120e-01, 3.624e-04, -4.235e-04, 7.825e+02, -3.314e-01, 2.836e-01, -1.001e-02, 0.000e+00, 0.000e+00
1.125e-01, 3.854e-04, -4.050e-04, 7.817e+02, -3.166e-01, 3.013e-01, -1.000e-02, 0.000e+00, 0.000e+00
1.130e-01, 4.075e-04, -3.852e-04, 7.810e+02, -3.008e-01, 3.182e-01, -9.992e-03, 0.000e+00, 0.000e+00
1.135e-01, 4.286e-04, -3.642e-04, 7.802e+02, -2.841e-01, 3.344e-01, -9.982e-03, 0.000e+00, 0.000e+00
1.140e-01, 4.454e-04, -3.457e-04, 7.795e+02, -2.695e-01, 3.472e-01, -9.973e-03, 0.000e+00, 0.000e+00
1.145e-01, 4.639e-04, -3.233e-04, 7.787e+02, -2.518e-01, 3.612e-01, -9.963e-03, 0.000e+00, 0.000e+00
1.150e-01, 4.811e-04, -3.002e-04, 7.780e+02, -2.336e-01, 3.743e-01, -9.953e-03, 0.000e+00, 0.000e+00
1.155e-01, 4.971e-04, -2.761e-04, 7.772e+02, -2.146e-01, 3.864e-01, -9.943e-03, 0.000e+00, 0.000e+00
1.160e-01, 5.120e-04, -2.512e-04, 7.765e+02, -1.950e-01, 3.976e-01, -9.933e-03, 0.000e+00, 0.000e+00
1.165e-01, 5.257e-04, -2.253e-04, 7.757e+02, -1.748e-01, 4.077e-01, -9.923e-03, 0.000e+00, 0.000e+00
1.170e-01, 5.432e-04, -1.863e-04, 7.746e+02, -1.443e-01, 4.208e-01, -9.909e-03, 0.000e+00, 0.000e+00
1.175e-01, 5.535e-04, -1.589e-04, 7.738e+02, -1.229e-01, 4.284e-01, -9.899e-03, 0.000e+00, 0.000e+00
1.180e-01, 5.625e-04, -1.309e-04, 7.731e+02, -1.012e-01, 4.348e-01, -9.889e-03, 0.000e+00, 0.000e+00
1.185e-01, 5.700e-04, -1.023e-04, 7.723e+02, -7.903e-02, 4.402e-01, -9.879e-03, 0.000e+00, 0.000e+00
1.190e-01, 5.761e-04, -7.332e-05, 7.716e+02, -5.657e-02, 4.445e-01, -9.869e-03, 0.000e+00, 0.000e+00
1.195e-01, 5.807e-04, -4.393e-05, 7.708e+02, -3.386e-02, 4.476e-01, -9.859e-03, 0.000e+00, 0.000e+00
1.200e-01, 5.838e-04, -1.422e-05, 7.701e+02, -1.095e-02, 4.496e-01, -9.849e-03, 0.000e+00, 0.000e+00
1.205e-01, 5.854e-04, 1.573e-05, 7.693e+02, 1.210e-02, 4.504e-01, -9.839e-03, 0.000e+00, 0.000e+00
1.210e-01, 5.854e-04, 4.599e-05, 7.686e+02, 3.535e-02, 4.499e-01, -9.829e-03, 0.000e+00, 0.000e+00
1.215e-01, 5.839e-04, 7.687e-05, 7.678e+02, 5.902e-02, 4.483e-01, -9.819e-03, 0.000e+00, 0.000e+00
1.220e-01, 5.806e-04, 1.077e-04, 7.670e+02, 8.265e-02, 4.454e-01, -9.809e-03, 0.000e+00, 0.000e+00
1.225e-01, 5.758e-04, 1.385e-04, 7.663e+02, 1.061e-01, 4.412e-01, -9.799e-03, 0.000e+00, 0.000e+00
1.230e-01, 5.693e-04, 1.691e-04, 7.655e+02, 1.295e-01, 4.358e-01, -9.789e-03, 0.000e+00, 0.000e+00
1.235e-01, 5.612e-04, 1.995e-04, 7.647e+02, 1.525e-01, 4.291e-01, -9.779e-03, 0.000e+00, 0.000e+00
1.240e-01, 5.514e-04, 2.294e-04, 7.640e+02, 1.753e-01, 4.213e-01, -9.769e-03, 0.000e+00, 0.000e+00
1.245e-01, 5.400e-04, 2.590e-04, 7.632e+02, 1.976e-01, 4.121e-01, -9.759e-03, 0.000e+00, 0.000e+00
1.250e-01, 5.270e-04, 2.880e-04, 7.624e+02, 2.195e-01, 4.018e-01, -9.749e-03, 0.000e+00, 0.000e+00
1.255e-01, 5.125e-04, 3.163e-04, 7.617e+02, 2.409e-01, 3.903e-01, -9.739e-03, 0.000e+00, 0.000e+00
1.260e-01, 5.037e-04, 3.319e-04, 7.612e+02, 2.526e-01, 3.834e-01, -9.733e-03, 0.000e+00, 0.000e+00
1.265e-01, 4.839e-04, 3.633e-04, 7.604e+02, 2.762e-01, 3.680e-01, -9.722e-03, 0.000e+00, 0.000e+00
1.270e-01, 4.654e-04, 3.893e-04, 7.596e+02, 2.957e-01, 3.535e-01, -9.712e-03, 0.000e+00, 0.000e+00
1.275e-01, 4.455e-04, 4.145e-04, 7.588e+02, 3.145e-01, 3.381e-01, -9.702e-03, 0.000e+00, 0.000e+00
1.280e-01, 4.241e-04, 4.386e-04, 7.581e+02, 3.325e-01, 3.215e-01, -9.692e-03, 0.000e+00, 0.000e+00
1.285e-01, 4.014e-04, 4.617e-04, 7.573e+02, 3.497e-01, 3.040e-01, -9.682e-03, 0.000e+00, 0.000e+00
1.290e-01, 3.774e-04, 4.837e-04, 7.566e+02, 3.660e-01, 2.855e-01, -9.672e-03, 0.000e+00, 0.000e+00
1.295e-01, 3.527e-04, 5.040e-04, 7.558e+02, 3.810e-01, 2.666e-01, -9.662e-03, 0.000e+00, 0.000e+00
1.300e-01, 3.275e-04, 5.227e-04, 7.551e+02, 3.947e-01, 2.473e-01, -9.653e-03, 0.000e+00, 0.000e+00
1.305e-01, 3.012e-04, 5.401e-04, 7.544e+02, 4.074e-01, 2.272e-01, -9.643e-03, 0.000e+00, 0.000e+00
1.310e-01, 2.739e-04, 5.562e-04, 7.537e+02, 4.192e-01, 2.064e-01, -9.634e-03, 0.000e+00, 0.000e+00
1.315e-01, 2.457e-04, 5.710e-04, 7.529e+02, 4.299e-01, 1.850e-01, -9.624e-03, 0.000e+00, 0.000e+00
1.320e-01, 2.167e-04, 5.844e-04, 7.522e+02, 4.396e-01, 1.630e-01, -9.615e-03, 0.000e+00, 0.000e+00
1.325e-01, 1.869e-04, 5.963e-04, 7.515e+02, 4.481e-01, 1.404e-01, -9.605e-03, 0.000e+00, 0.000e+00
1.330e-01, 1.487e-04, 6.091e-04, 7.506e+02, 4.571e-01, 1.116e-01, -9.593e-03, 0.000e+00, 0.000e+00
1.335e-01, 1.178e-04, 6.174e-04, 7.499e+02, 4.630e-01, 8.835e-02, -9.584e-03, 0.000e+00, 0.000e+00
1.340e-01, 8.646e-05, 6.242e-04, 7.491e+02, 4.676e-01, 6.477e-02, -9.574e-03, 0.000e+00, 0.000e+00
1.345e-01, 5.466e-05, 6.294e-04, 7.484e+02, 4.711e-01, 4.091e-02, -9.565e-03, 0.000e+00, 0.000e+00
1.350e-01, 2.252e-05, 6.330e-04, 7.477e+02, 4.733e-01, 1.684e-02, -9.556e-03, 0.000e+00, 0.000e+00
1.355e-01, -9.889e-06, 6.350e-04, 7.470e+02, 4.743e-01, -7.387e-03, -9.546e-03, 0.000e+00, 0.000e+00
1.360e-01, -4.250e-05, 6.353e-04, 7.463e+02, 4.741e-01, -3.172e-02, -9.537e-03, 0.000e+00, 0.000e+00
1.365e-01, -7.598e-05, 6.338e-04, 7.455e+02, 4.725e-01, -5.664e-02, -9.527e-03, 0.000e+00, 0.000e+00
1.370e-01, -1.094e-04, 6.306e-04, 7.448e+02, 4.697e-01, -8.152e-02, -9.518e-03, 0.000e+00, 0.000e+00
1.375e-01, -1.428e-04, 6.256e-04, 7.441e+02, 4.655e-01, -1.063e-01, -9.508e-03, 0.000e+00, 0.000e+00
1.380e-01, -1.760e-04, 6.188e-04, 7.433e+02, 4.600e-01, -1.309e-01, -9.498e-03, 0.000e+00, 0.000e+00
1.385e-01, -2.090e-04, 6.103e-04, 7.426e+02, 4.532e-01, -1.552e-01, -9.489e-03, 0.000e+00, 0.000e+00
1.390e-01, -2.415e-04, 6.000e-04, 7.419e+02, 4.451e-01, -1.792e-01, -9.479e-03, 0.000e+00, 0.000e+00
1.395e-01, -2.656e-04, 5.911e-04, 7.413e+02, 4.382e-01, -1.969e-01, -9.472e-03, 0.000e+00, 0.000e+00
1.400e-01, -2.969e-04, 5.779e-04, 7.406e+02, 4.280e-01, -2.199e-01, -9.462e-03, 0.000e+00, 0.000e+00
1.405e-01, -3.275e-04, 5.630e-04, 7.399e+02, 4.166e-01, -2.423e-01, -9.453e-03, 0.000e+00, 0.000e+00
1.410e-01, -3.575e-04, 5.465e-04, 7.392e+02, 4.039e-01, -2.643e-01, -9.444e-03, 0.000e+00, 0.000e+00
1.415e-01, -3.867e-04, 5.283e-04, 7.384e+02, 3.901e-01, -2.855e-01, -9.434e-03, 0.000e+00, 0.000e+00
1.420e-01, -4.150e-04, 5.086e-04, 7.377e+02, 3.752e-01, -3.061e-01, -9.425e-03, 0.000e+00, 0.000e+00
1.425e-01, -4.423e-04, 4.873e-04, 7.370e+02, 3.591e-01, -3.260e-01, -9.415e-03, 0.000e+00, 0.000e+00
1.430e-01, -4.686e-04, 4.644e-04, 7.363e+02, 3.419e-01, -3.450e-01, -9.406e-03, 0.000e+00, 0.000e+00
1.435e-01, -4.938e-04, 4.401e-04, 7.356e+02, 3.237e-01, -3.632e-01, -9.396e-03, 0.000e+00, 0.000e+00
1.440e-01, -5.177e-04, 4.144e-04, 7.348e+02, 3.045e-01, -3.805e-01, -9.387e-03, 0.000e+00, 0.000e+00
1.445e-01, -5.400e-04, 3.878e-04, 7.341e+02, 2.847e-01, -3.964e-01, -9.377e-03, 0.000e+00, 0.000e+00
1.450e-01, -5.604e-04, 3.608e-04, 7.334e+02, 2.646e-01, -4.110e-01, -9.368e-03, 0.000e+00, 0.000e+00
1.455e-01, -5.763e-04, 3.374e-04, 7.329e+02, 2.473e-01, -4.224e-01, -9.361e-03, 0.000e+00, 0.000e+00
1.460e-01, -5.942e-04, 3.084e-04, 7.322e+02, 2.258e-01, -4.350e-01, -9.352e-03, 0.000e+00, 0.000e+00
1.465e-01, -6.177e-04, 2.643e-04, 7.312e+02, 1.932e-01, -4.516e-01, -9.339e-03, 0.000e+00, 0.000e+00
1.470e-01, -6.318e-04, 2.332e-04, 7.305e+02, 1.704e-01, -4.615e-01, -9.330e-03, 0.000e+00, 0.000e+00
1.475e-01, -6.443e-04, 2.014e-04, 7.298e+02, 1.470e-01, -4.702e-01, -9.321e-03, 0.000e+00, 0.000e+00
1.480e-01, -6.553e-04, 1.688e-04, 7.291e+02, 1.231e-01, -4.778e-01, -9.312e-03, 0.000e+00, 0.000e+00
1.485e-01, -6.647e-04, 1.356e-04, 7.284e+02, 9.876e-02, -4.841e-01, -9.303e-03, 0.000e+00, 0.000e+00
1.490e-01, -6.723e-04, 1.018e-04, 7.277e+02, 7.409e-02, -4.893e-01, -9.294e-03, 0.000e+00, 0.000e+00
1.495e-01, -6.783e-04, 6.756e-05, 7.271e+02, 4.912e-02, -4.931e-01, -9.285e-03, 0.000e+00, 0.000e+00
1.500e-01, -6.825e-04, 3.293e-05, 7.264e+02, 2.392e-02, -4.957e-01, -9.276e-03, 0.000e+00, 0.000e+00
1.505e-01, -6.849e-04, -1.983e-06, 7.257e+02, -1.439e-03, -4.970e-01, -9.267e-03, 0.000e+00, 0.000e+00
1.510e-01, -6.856e-04, -3.710e-05, 7.250e+02, -2.690e-02, -4.970e-01, -9.258e-03, 0.000e+00, 0.000e+00
1.515e-01, -6.844e-04, -7.302e-05, 7.243e+02, -5.289e-02, -4.957e-01, -9.249e-03, 0.000e+00, 0.000e+00
1.520e-01, -6.813e-04, -1.091e-04, 7.236e+02, -7.896e-02, -4.930e-01, -9.240e-03, 0.000e+00, 0.000e+00
1.525e-01, -6.762e-04, -1.451e-04, 7.229e+02, -1.049e-01, -4.889e-01, -9.230e-03, 0.000e+00, 0.000e+00
1.530e-01, -6.693e-04, -1.809e-04, 7.222e+02, -1.307e-01, -4.834e-01, -9.221e-03, 0.000e+00, 0.000e+00
1.535e-01, -6.605e-04, -2.165e-04, 7.215e+02, -1.562e-01, -4.765e-01, -9.212e-03, 0.000e+00, 0.000e+00
1.540e-01, -6.497e-04, -2.516e-04, 7.208e+02, -1.814e-01, -4.683e-01, -9.203e-03, 0.000e+00, 0.000e+00
1.545e-01, -6.371e-04, -2.862e-04, 7.201e+02, -2.061e-01, -4.588e-01, -9.194e-03, 0.000e+00, 0.000e+00
1.550e-01, -6.226e-04, -3.203e-04, 7.194e+02, -2.304e-01, -4.479e-01, -9.185e-03, 0.000e+00, 0.000e+00
1.555e-01, -6.063e-04, -3.536e-04, 7.187e+02, -2.542e-01, -4.358e-01, -9.176e-03, 0.000e+00, 0.000e+00
1.560e-01, -5.934e-04, -3.772e-04, 7.182e+02, -2.709e-01, -4.262e-01, -9.169e-03, 0.000e+00, 0.000e+00
1.565e-01, -5.742e-04, -4.088e-04, 7.175e+02, -2.933e-01, -4.120e-01, -9.160e-03, 0.000e+00, 0.000e+00
1.570e-01, -5.532e-04, -4.394e-04, 7.169e+02, -3.150e-01, -3.966e-01, -9.151e-03, 0.000e+00, 0.000e+00
1.575e-01, -5.306e-04, -4.690e-04, 7.162e+02, -3.359e-01, -3.800e-01, -9.142e-03, 0.000e+00, 0.000e+00
1.580e-01, -5.064e-04, -4.975e-04, 7.155e+02, -3.560e-01, -3.623e-01, -9.133e-03, 0.000e+00, 0.000e+00
1.585e-01, -4.806e-04, -5.249e-04, 7.148e+02, -3.752e-01, -3.435e-01, -9.124e-03, 0.000e+00, 0.000e+00
1.590e-01, -4.532e-04, -5.509e-04, 7.141e+02, -3.934e-01, -3.237e-01, -9.115e-03, 0.000e+00, 0.000e+00
1.595e-01, -4.248e-04, -5.752e-04, 7.134e+02, -4.104e-01, -3.030e-01, -9.106e-03, 0.000e+00, 0.000e+00
1.600e-01, -3.959e-04, -5.975e-04, 7.128e+02, -4.258e-01, -2.822e-01, -9.097e-03, 0.000e+00, 0.000e+00
1.605e-01, -3.658e-04, -6.183e-04, 7.121e+02, -4.403e-01, -2.605e-01, -9.089e-03, 0.000e+00, 0.000e+00
1.610e-01, -3.346e-04, -6.376e-04, 7.114e+02, -4.536e-01, -2.380e-01, -9.080e-03, 0.000e+00, 0.000e+00
1.615e-01, -3.022e-04, -6.554e-04, 7.108e+02, -4.659e-01, -2.148e-01, -9.072e-03, 0.000e+00, 0.000e+00
1.620e-01, -2.689e-04, -6.716e-04, 7.101e+02, -4.769e-01, -1.909e-01, -9.063e-03, 0.000e+00, 0.000e+00
1.625e-01, -2.254e-04, -6.896e-04, 7.093e+02, -4.892e-01, -1.598e-01, -9.052e-03, 0.000e+00, 0.000e+00
1.630e-01, -1.906e-04, -7.018e-04, 7.086e+02, -4.973e-01, -1.350e-01, -9.043e-03, 0.000e+00, 0.000e+00
1.635e-01, -1.551e-04, -7.122e-04, 7.080e+02, -5.042e-01, -1.098e-01, -9.035e-03, 0.000e+00, 0.000e+00
1.640e-01, -1.189e-04, -7.208e-04, 7.073e+02, -5.098e-01, -8.413e-02, -9.026e-03, 0.000e+00, 0.000e+00
1.645e-01, -8.230e-05, -7.275e-04, 7.067e+02, -5.141e-01, -5.816e-02, -9.018e-03, 0.000e+00, 0.000e+00
1.650e-01, -4.522e-05, -7.325e-04, 7.060e+02, -5.171e-01, -3.193e-02, -9.009e-03, 0.000e+00, 0.000e+00
1.655e-01, -7.817e-06, -7.355e-04, 7.054e+02, -5.188e-01, -5.514e-03, -9.001e-03, 0.000e+00, 0.000e+00
1.660e-01, 2.983e-05, -7.366e-04, 7.047e+02, -5.191e-01, 2.102e-02, -8.992e-03, 0.000e+00, 0.000e+00
1.665e-01, 6.814e-05, -7.358e-04, 7.041e+02, -5.180e-01, 4.797e-02, -8.984e-03, 0.000e+00, 0.000e+00
1.670e-01, 1.069e-04, -7.329e-04, 7.034e+02, -5.155e-01, 7.520e-02, -8.975e-03, 0.000e+00, 0.000e+00
1.675e-01, 1.456e-04, -7.280e-04, 7.027e+02, -5.116e-01, 1.023e-01, -8.966e-03, 0.000e+00, 0.000e+00
1.680e-01, 1.841e-04, -7.210e-04, 7.021e+02, -5.062e-01, 1.293e-01, -8.957e-03, 0.000e+00, 0.000e+00
1.685e-01, 2.223e-04, -7.119e-04, 7.014e+02, -4.994e-01, 1.560e-01, -8.949e-03, 0.000e+00, 0.000e+00
1.690e-01, 2.602e-04, -7.009e-04, 7.007e+02, -4.911e-01, 1.823e-01, -8.940e-03, 0.000e+00, 0.000e+00
1.695e-01, 2.975e-04, -6.877e-04, 7.001e+02, -4.815e-01, 2.083e-01, -8.931e-03, 0.000e+00, 0.000e+00
1.700e-01, 3.342e-04, -6.726e-04, 6.994e+02, -4.704e-01, 2.337e-01, -8.923e-03, 0.000e+00, 0.000e+00
1.705e-01, 3.607e-04, -6.603e-04, 6.989e+02, -4.615e-01, 2.521e-01, -8.916e-03, 0.000e+00, 0.000e+00
1.710e-01, 3.956e-04, -6.420e-04, 6.983e+02, -4.483e-01, 2.762e-01, -8.908e-03, 0.000e+00, 0.000e+00
1.715e-01, 4.297e-04, -6.218e-04, 6.976e+02, -4.338e-01, 2.997e-01, -8.899e-03, 0.000e+00, 0.000e+00
1.720e-01, 4.627e-04, -5.998e-04, 6.970e+02, -4.180e-01, 3.225e-01, -8.890e-03, 0.000e+00, 0.000e+00
1.725e-01, 4.947e-04, -5.760e-04, 6.963e+02, -4.011e-01, 3.445e-01, -8.882e-03, 0.000e+00, 0.000e+00
1.730e-01, 5.256e-04, -5.504e-04, 6.956e+02, -3.829e-01, 3.656e-01, -8.873e-03, 0.000e+00, 0.000e+00
1.735e-01, 5.551e-04, -5.232e-04, 6.950e+02, -3.636e-01, 3.858e-01, -8.865e-03, 0.000e+00, 0.000e+00
1.740e-01, 5.834e-04, -4.942e-04, 6.943e+02, -3.432e-01, 4.050e-01, -8.856e-03, 0.000e+00, 0.000e+00
1.745e-01, 6.100e-04, -4.639e-04, 6.937e+02, -3.218e-01, 4.231e-01, -8.848e-03, 0.000e+00, 0.000e+00
1.750e-01, 6.342e-04, -4.332e-04, 6.930e+02, -3.003e-01, 4.395e-01, -8.839e-03, 0.000e+00, 0.000e+00
1.755e-01, 6.568e-04, -4.013e-04, 6.924e+02, -2.779e-01, 4.548e-01, -8.831e-03, 0.000e+00, 0.000e+00
1.760e-01, 6.780e-04, -3.681e-04, 6.918e+02, -2.546e-01, 4.690e-01, -8.823e-03, 0.000e+00, 0.000e+00
1.765e-01, 6.974e-04, -3.337e-04, 6.912e+02, -2.306e-01, 4.820e-01, -8.815e-03, 0.000e+00, 0.000e+00
1.770e-01, 7.198e-04, -2.881e-04, 6.903e+02, -1.989e-01, 4.969e-01, -8.804e-03, 0.000e+00, 0.000e+00
1.775e-01, 7.351e-04, -2.518e-04, 6.897e+02, -1.737e-01, 5.070e-01, -8.796e-03, 0.000e+00, 0.000e+00
1.780e-01, 7.485e-04, -2.147e-04, 6.891e+02, -1.480e-01, 5.158e-01, -8.788e-03, 0.000e+00, 0.000e+00
1.785e-01, 7.601e-04, -1.769e-04, 6.885e+02, -1.218e-01, 5.233e-01, -8.780e-03, 0.000e+00, 0.000e+00
1.790e-01, 7.698e-04, -1.384e-04, 6.879e+02, -9.519e-02, 5.295e-01, -8.771e-03, 0.000e+00, 0.000e+00
1.795e-01, 7.775e-04, -9.929e-05, 6.872e+02, -6.824e-02, 5.343e-01, -8.763e-03, 0.000e+00, 0.000e+00
1.800e-01, 7.833e-04, -5.971e-05, 6.866e+02, -4.100e-02, 5.378e-01, -8.755e-03, 0.000e+00, 0.000e+00
1.805e-01, 7.870e-04, -1.976e-05, 6.860e+02, -1.356e-02, 5.399e-01, -8.747e-03, 0.000e+00, 0.000e+00
1.810e-01, 7.887e-04, 2.046e-05, 6.854e+02, 1.403e-02, 5.406e-01, -8.739e-03, 0.000e+00, 0.000e+00
1.815e-01, 7.883e-04, 6.116e-05, 6.848e+02, 4.188e-02, 5.398e-01, -8.731e-03, 0.000e+00, 0.000e+00
1.820e-01, 7.858e-04, 1.027e-04, 6.841e+02, 7.023e-02, 5.376e-01, -8.722e-03, 0.000e+00, 0.000e+00
1.825e-01, 7.811e-04, 1.441e-04, 6.835e+02, 9.849e-02, 5.338e-01, -8.714e-03, 0.000e+00, 0.000e+00
1.830e-01, 7.741e-04, 1.854e-04, 6.828e+02, 1.266e-01, 5.286e-01, -8.706e-03, 0.000e+00, 0.000e+00
1.835e-01, 7.650e-04, 2.264e-04, 6.822e+02, 1.544e-01, 5.219e-01, -8.698e-03, 0.000e+00, 0.000e+00
1.840e-01, 7.537e-04, 2.669e-04, 6.816e+02, 1.819e-01, 5.137e-01, -8.689e-03, 0.000e+00, 0.000e+00
1.845e-01, 7.402e-04, 3.070e-04, 6.809e+02, 2.091e-01, 5.041e-01, -8.681e-03, 0.000e+00, 0.000e+00
1.850e-01, 7.246e-04, 3.464e-04, 6.803e+02, 2.357e-01, 4.930e-01, -8.673e-03, 0.000e+00, 0.000e+00
1.855e-01, 7.069e-04, 3.851e-04, 6.797e+02, 2.618e-01, 4.804e-01, -8.664e-03, 0.000e+00, 0.000e+00
1.860e-01, 6.927e-04, 4.127e-04, 6.792e+02, 2.803e-01, 4.705e-01, -8.658e-03, 0.000e+00, 0.000e+00
1.865e-01, 6.716e-04, 4.493e-04, 6.786e+02, 3.049e-01, 4.557e-01, -8.650e-03, 0.000e+00, 0.000e+00
1.870e-01, 6.486e-04, 4.849e-04, 6.780e+02, 3.288e-01, 4.397e-01, -8.642e-03, 0.000e+00, 0.000e+00
1.875e-01, 6.236e-04, 5.194e-04, 6.773e+02, 3.518e-01, 4.224e-01, -8.634e-03, 0.000e+00, 0.000e+00
1.880e-01, 5.968e-04, 5.527e-04, 6.767e+02, 3.740e-01, 4.039e-01, -8.626e-03, 0.000e+00, 0.000e+00
1.885e-01, 5.681e-04, 5.847e-04, 6.761e+02, 3.953e-01, 3.841e-01, -8.617e-03, 0.000e+00, 0.000e+00
1.890e-01, 5.377e-04, 6.152e-04, 6.755e+02, 4.155e-01, 3.632e-01, -8.609e-03, 0.000e+00, 0.000e+00
1.895e-01, 5.055e-04, 6.442e-04, 6.748e+02, 4.347e-01, 3.411e-01, -8.601e-03, 0.000e+00, 0.000e+00
1.900e-01, 4.730e-04, 6.705e-04, 6.742e+02, 4.521e-01, 3.189e-01, -8.593e-03, 0.000e+00, 0.000e+00
1.905e-01, 4.392e-04, 6.952e-04, 6.736e+02, 4.683e-01, 2.959e-01, -8.585e-03, 0.000e+00, 0.000e+00
1.910e-01, 4.041e-04, 7.182e-04, 6.730e+02, 4.834e-01, 2.719e-01, -8.577e-03, 0.000e+00, 0.000e+00
1.915e-01, 3.676e-04, 7.395e-04, 6.724e+02, 4.973e-01, 2.472e-01, -8.569e-03, 0.000e+00, 0.000e+00
1.920e-01, 3.300e-04, 7.590e-04, 6.718e+02, 5.099e-01, 2.217e-01, -8.562e-03, 0.000e+00, 0.000e+00
1.925e-01, 2.807e-04, 7.810e-04, 6.710e+02, 5.241e-01, 1.884e-01, -8.552e-03, 0.000e+00, 0.000e+00
1.930e-01, 2.414e-04, 7.958e-04, 6.705e+02, 5.336e-01, 1.618e-01, -8.544e-03, 0.000e+00, 0.000e+00
1.935e-01, 2.012e-04, 8.087e-04, 6.699e+02, 5.417e-01, 1.348e-01, -8.536e-03, 0.000e+00, 0.000e+00
1.940e-01, 1.602e-04, 8.196e-04, 6.693e+02, 5.485e-01, 1.072e-01, -8.528e-03, 0.000e+00, 0.000e+00
1.945e-01, 1.187e-04, 8.284e-04, 6.687e+02, 5.540e-01, 7.935e-02, -8.521e-03, 0.000e+00, 0.000e+00
1.950e-01, 7.655e-05, 8.352e-04, 6.681e+02, 5.580e-01, 5.114e-02, -8.513e-03, 0.000e+00, 0.000e+00
1.955e-01, 3.400e-05, 8.398e-04, 6.675e+02, 5.605e-01, 2.270e-02, -8.505e-03, 0.000e+00, 0.000e+00
1.960e-01, -8.860e-06, 8.422e-04, 6.669e+02, 5.616e-01, -5.909e-03, -8.497e-03, 0.000e+00, 0.000e+00
1.965e-01, -5.193e-05, 8.424e-04, 6.663e+02, 5.613e-01, -3.460e-02, -8.490e-03, 0.000e+00, 0.000e+00
1.970e-01, -9.623e-05, 8.403e-04, 6.657e+02, 5.594e-01, -6.406e-02, -8.482e-03, 0.000e+00, 0.000e+00
1.975e-01, -1.405e-04, 8.360e-04, 6.651e+02, 5.560e-01, -9.345e-02, -8.474e-03, 0.000e+00, 0.000e+00
1.980e-01, -1.846e-04, 8.292e-04, 6.645e+02, 5.510e-01, -1.227e-01, -8.466e-03, 0.000e+00, 0.000e+00
1.985e-01, -2.285e-04, 8.201e-04, 6.639e+02, 5.445e-01, -1.517e-01, -8.458e-03, 0.000e+00, 0.000e+00
1.990e-01, -2.719e-04, 8.087e-04, 6.633e+02, 5.364e-01, -1.804e-01, -8.450e-03, 0.000e+00, 0.000e+00
1.995e-01, -3.148e-04, 7.950e-04, 6.626e+02, 5.268e-01, -2.086e-01, -8.442e-03, 0.000e+00, 0.000e+00
2.000e-01, -3.571e-04, 7.790e-04, 6.620e+02, 5.157e-01, -2.364e-01, -8.434e-03, 0.000e+00, 0.000e+00
2.005e-01, -3.987e-04, 7.607e-04, 6.614e+02, 5.031e-01, -2.637e-01, -8.426e-03, 0.000e+00, 0.000e+00
2.010e-01, -4.284e-04, 7.459e-04, 6.610e+02, 4.930e-01, -2.832e-01, -8.420e-03, 0.000e+00, 0.000e+00
2.015e-01, -4.678e-04, 7.240e-04, 6.604e+02, 4.781e-01, -3.089e-01, -8.412e-03, 0.000e+00, 0.000e+00
2.020e-01, -5.061e-04, 7.001e-04, 6.598e+02, 4.619e-01, -3.339e-01, -8.404e-03, 0.000e+00, 0.000e+00
2.025e-01, -5.433e-04, 6.740e-04, 6.592e+02, 4.443e-01, -3.581e-01, -8.397e-03, 0.000e+00, 0.000e+00
2.030e-01, -5.791e-04, 6.460e-04, 6.586e+02, 4.254e-01, -3.814e-01, -8.389e-03, 0.000e+00, 0.000e+00
2.035e-01, -6.136e-04, 6.160e-04, 6.580e+02, 4.053e-01, -4.038e-01, -8.381e-03, 0.000e+00, 0.000e+00
2.040e-01, -6.466e-04, 5.840e-04, 6.574e+02, 3.839e-01, -4.251e-01, -8.373e-03, 0.000e+00, 0.000e+00
2.045e-01, -6.780e-04, 5.503e-04, 6.568e+02, 3.614e-01, -4.453e-01, -8.365e-03, 0.000e+00, 0.000e+00
2.050e-01, -7.069e-04, 5.157e-04, 6.562e+02, 3.384e-01, -4.639e-01, -8.358e-03, 0.000e+00, 0.000e+00
2.055e-01, -7.338e-04, 4.801e-04, 6.556e+02, 3.148e-01, -4.811e-01, -8.350e-03, 0.000e+00, 0.000e+00
2.060e-01, -7.588e-04, 4.430e-04, 6.551e+02, 2.902e-01, -4.971e-01, -8.343e-03, 0.000e+00, 0.000e+00
2.065e-01, -7.821e-04, 4.045e-04, 6.545e+02, 2.648e-01, -5.119e-01, -8.335e-03, 0.000e+00, 0.000e+00
2.070e-01, -8.034e-04, 3.648e-04, 6.539e+02, 2.385e-01, -5.253e-01, -8.328e-03, 0.000e+00, 0.000e+00
2.075e-01, -8.276e-04, 3.125e-04, 6.532e+02, 2.041e-01, -5.406e-01, -8.318e-03, 0.000e+00, 0.000e+00
2.080e-01, -8.441e-04, 2.708e-04, 6.526e+02, 1.768e-01, -5.509e-01, -8.311e-03, 0.000e+00, 0.000e+00
2.085e-01, -8.585e-04, 2.283e-04, 6.520e+02, 1.488e-01, -5.598e-01, -8.303e-03, 0.000e+00, 0.000e+00
2.090e-01, -8.707e-04, 1.849e-04, 6.515e+02, 1.204e-01, -5.672e-01, -8.296e-03, 0.000e+00, 0.000e+00
2.095e-01, -8.808e-04, 1.407e-04, 6.509e+02, 9.160e-02, -5.733e-01, -8.288e-03, 0.000e+00, 0.000e+00
2.100e-01, -8.886e-04, 9.600e-05, 6.503e+02, 6.243e-02, -5.779e-01, -8.281e-03, 0.000e+00, 0.000e+00
2.105e-01, -8.942e-04, 5.079e-05, 6.498e+02, 3.300e-02, -5.810e-01, -8.273e-03, 0.000e+00, 0.000e+00
2.110e-01, -8.975e-04, 5.210e-06, 6.492e+02, 3.382e-03, -5.826e-01, -8.266e-03, 0.000e+00, 0.000e+00
2.115e-01, -8.984e-04, -4.062e-05, 6.486e+02, -2.635e-02, -5.827e-01, -8.259e-03, 0.000e+00, 0.000e+00
2.120e-01, -8.970e-04, -8.745e-05, 6.480e+02, -5.667e-02, -5.813e-01, -8.251e-03, 0.000e+00, 0.000e+00
2.125e-01, -8.930e-04, -1.347e-04, 6.475e+02, -8.718e-02, -5.782e-01, -8.243e-03, 0.000e+00, 0.000e+00
2.130e-01, -8.866e-04, -1.817e-04, 6.469e+02, -1.176e-01, -5.735e-01, -8.236e-03, 0.000e+00, 0.000e+00
2.135e-01, -8.777e-04, -2.286e-04, 6.463e+02, -1.477e-01, -5.672e-01, -8.228e-03, 0.000e+00, 0.000e+00
2.140e-01, -8.663e-04, -2.750e-04, 6.457e+02, -1.776e-01, -5.594e-01, -8.221e-03, 0.000e+00, 0.000e+00
2.145e-01, -8.524e-04, -3.209e-04, 6.451e+02, -2.070e-01, -5.499e-01, -8.213e-03, 0.000e+00, 0.000e+00
2.150e-01, -8.361e-04, -3.662e-04, 6.445e+02, -2.360e-01, -5.389e-01, -8.205e-03, 0.000e+00, 0.000e+00
2.155e-01, -8.173e-04, -4.107e-04, 6.440e+02, -2.645e-01, -5.263e-01, -8.198e-03, 0.000e+00, 0.000e+00
2.160e-01, -7.961e-04, -4.543e-04, 6.434e+02, -2.923e-01, -5.122e-01, -8.190e-03, 0.000e+00, 0.000e+00
2.165e-01, -7.794e-04, -4.851e-04, 6.430e+02, -3.119e-01, -5.011e-01, -8.185e-03, 0.000e+00, 0.000e+00
2.170e-01, -7.545e-04, -5.263e-04, 6.424e+02, -3.381e-01, -4.847e-01, -8.177e-03, 0.000e+00, 0.000e+00
2.175e-01, -7.275e-04, -5.662e-04, 6.418e+02, -3.634e-01, -4.669e-01, -8.170e-03, 0.000e+00, 0.000e+00
2.180e-01, -6.983e-04, -6.048e-04, 6.412e+02, -3.878e-01, -4.478e-01, -8.162e-03, 0.000e+00, 0.000e+00
2.185e-01, -6.670e-04, -6.420e-04, 6.407e+02, -4.113e-01, -4.273e-01, -8.155e-03, 0.000e+00, 0.000e+00
2.190e-01, -6.336e-04, -6.776e-04, 6.401e+02, -4.337e-01, -4.056e-01, -8.147e-03, 0.000e+00, 0.000e+00
2.195e-01, -5.983e-04, -7.116e-04, 6.395e+02, -4.551e-01, -3.826e-01, -8.140e-03, 0.000e+00, 0.000e+00
2.200e-01, -5.616e-04, -7.433e-04, 6.389e+02, -4.749e-01, -3.588e-01, -8.132e-03, 0.000e+00, 0.000e+00
2.205e-01, -5.241e-04, -7.724e-04, 6.384e+02, -4.931e-01, -3.346e-01, -8.125e-03, 0.000e+00, 0.000e+00
2.210e-01, -4.851e-04, -7.997e-04, 6.378e+02, -5.101e-01, -3.094e-01, -8.118e-03, 0.000e+00, 0.000e+00
2.215e-01, -4.446e-04, -8.251e-04, 6.373e+02, -5.258e-01, -2.833e-01, -8.111e-03, 0.000e+00, 0.000e+00
2.220e-01, -4.027e-04, -8.485e-04, 6.367e+02, -5.402e-01, -2.564e-01, -8.103e-03, 0.000e+00, 0.000e+00
2.225e-01, -3.474e-04, -8.752e-04, 6.360e+02, -5.566e-01, -2.209e-01, -8.094e-03, 0.000e+00, 0.000e+00
2.230e-01, -3.034e-04, -8.934e-04, 6.355e+02, -5.677e-01, -1.928e-01, -8.087e-03, 0.000e+00, 0.000e+00
2.235e-01, -2.584e-04, -9.094e-04, 6.349e+02, -5.774e-01, -1.640e-01, -8.080e-03, 0.000e+00, 0.000e+00
2.240e-01, -2.124e-04, -9.231e-04, 6.344e+02, -5.856e-01, -1.348e-01, -8.073e-03, 0.000e+00, 0.000e+00
2.245e-01, -1.657e-04, -9.346e-04, 6.338e+02, -5.924e-01, -1.050e-01, -8.066e-03, 0.000e+00, 0.000e+00
2.250e-01, -1.183e-04, -9.437e-04, 6.333e+02, -5.976e-01, -7.492e-02, -8.059e-03, 0.000e+00, 0.000e+00
2.255e-01, -7.034e-05, -9.504e-04, 6.328e+02, -6.014e-01, -4.451e-02, -8.052e-03, 0.000e+00, 0.000e+00
2.260e-01, -2.196e-05, -9.547e-04, 6.322e+02, -6.035e-01, -1.388e-02, -8.045e-03, 0.000e+00, 0.000e+00
2.265e-01, 2.672e-05, -9.565e-04, 6.317e+02, -6.042e-01, 1.688e-02, -8.037e-03, 0.000e+00, 0.000e+00
2.270e-01, 7.608e-05, -9.557e-04, 6.311e+02, -6.032e-01, 4.802e-02, -8.030e-03, 0.000e+00, 0.000e+00
2.275e-01, 1.263e-04, -9.524e-04, 6.306e+02, -6.006e-01, 7.966e-02, -8.023e-03, 0.000e+00, 0.000e+00
2.280e-01, 1.765e-04, -9.464e-04, 6.300e+02, -5.963e-01, 1.112e-01, -8.016e-03, 0.000e+00, 0.000e+00
2.285e-01, 2.264e-04, -9.378e-04, 6.294e+02, -5.903e-01, 1.425e-01, -8.008e-03, 0.000e+00, 0.000e+00
2.290e-01, 2.760e-04, -9.265e-04, 6.289e+02, -5.827e-01, 1.736e-01, -8.001e-03, 0.000e+00, 0.000e+00
2.295e-01, 3.250e-04, -9.126e-04, 6.283e+02, -5.734e-01, 2.042e-01, -7.994e-03, 0.000e+00, 0.000e+00
2.300e-01, 3.734e-04, -8.960e-04, 6.278e+02, -5.625e-01, 2.344e-01, -7.987e-03, 0.000e+00, 0.000e+00
2.305e-01, 4.210e-04, -8.769e-04, 6.272e+02, -5.500e-01, 2.641e-01, -7.979e-03, 0.000e+00, 0.000e+00
2.310e-01, 4.677e-04, -8.552e-04, 6.267e+02, -5.359e-01, 2.931e-01, -7.972e-03, 0.000e+00, 0.000e+00
2.315e-01, 5.134e-04, -8.310e-04, 6.261e+02, -5.203e-01, 3.214e-01, -7.965e-03, 0.000e+00, 0.000e+00
2.320e-01, 5.452e-04, -8.122e-04, 6.257e+02, -5.082e-01, 3.411e-01, -7.960e-03, 0.000e+00, 0.000e+00
2.325e-01, 5.881e-04, -7.842e-04, 6.252e+02, -4.902e-01, 3.677e-01, -7.952e-03, 0.000e+00, 0.000e+00
2.330e-01, 6.296e-04, -7.539e-04, 6.246e+02, -4.709e-01, 3.933e-01, -7.945e-03, 0.000e+00, 0.000e+00
2.335e-01, 6.697e-04, -7.213e-04, 6.241e+02, -4.501e-01, 4.179e-01, -7.938e-03, 0.000e+00, 0.000e+00
2.340e-01, 7.081e-04, -6.866e-04, 6.235e+02, -4.281e-01, 4.415e-01, -7.931e-03, 0.000e+00, 0.000e+00
2.345e-01, 7.447e-04, -6.497e-04, 6.230e+02, -4.047e-01, 4.639e-01, -7.924e-03, 0.000e+00, 0.000e+00
2.350e-01, 7.795e-04, -6.108e-04, 6.224e+02, -3.802e-01, 4.852e-01, -7.917e-03, 0.000e+00, 0.000e+00
2.355e-01, 8.111e-04, -5.716e-04, 6.219e+02, -3.555e-01, 5.044e-01, -7.910e-03, 0.000e+00, 0.000e+00
2.360e-01, 8.408e-04, -5.306e-04, 6.213e+02, -3.297e-01, 5.224e-01, -7.903e-03, 0.000e+00, 0.000e+00
2.365e-01, 8.685e-04, -4.881e-04, 6.208e+02, -3.030e-01, 5.392e-01, -7.896e-03, 0.000e+00, 0.000e+00
2.370e-01, 8.940e-04, -4.440e-04, 6.203e+02, -2.754e-01, 5.546e-01, -7.889e-03, 0.000e+00, 0.000e+00
2.375e-01, 9.235e-04, -3.855e-04, 6.196e+02, -2.389e-01, 5.722e-01, -7.880e-03, 0.000e+00, 0.000e+00
2.380e-01, 9.436e-04, -3.392e-04, 6.191e+02, -2.100e-01, 5.842e-01, -7.873e-03, 0.000e+00, 0.000e+00
2.385e-01, 9.614e-04, -2.917e-04, 6.186e+02, -1.804e-01, 5.947e-01, -7.867e-03, 0.000e+00, 0.000e+00
2.390e-01, 9.768e-04, -2.432e-04, 6.180e+02, -1.503e-01, 6.037e-01, -7.860e-03, 0.000e+00, 0.000e+00
2.395e-01, 9.898e-04, -1.938e-04, 6.175e+02, -1.197e-01, 6.112e-01, -7.853e-03, 0.000e+00, 0.000e+00
2.400e-01, 1.000e-03, -1.437e-04, 6.170e+02, -8.864e-02, 6.172e-01, -7.846e-03, 0.000e+00, 0.000e+00
2.405e-01, 1.008e-03, -9.289e-05, 6.165e+02, -5.726e-02, 6.216e-01, -7.839e-03, 0.000e+00, 0.000e+00
2.410e-01, 1.014e-03, -4.163e-05, 6.160e+02, -2.564e-02, 6.244e-01, -7.833e-03, 0.000e+00, 0.000e+00
2.415e-01, 1.016e-03, 9.993e-06, 6.154e+02, 6.150e-03, 6.256e-01, -7.826e-03, 0.000e+00, 0.000e+00
2.420e-01, 1.017e-03, 6.189e-05, 6.149e+02, 3.805e-02, 6.252e-01, -7.819e-03, 0.000e+00, 0.000e+00
2.425e-01, 1.014e-03, 1.153e-04, 6.144e+02, 7.084e-02, 6.230e-01, -7.812e-03, 0.000e+00, 0.000e+00
2.430e-01, 1.009e-03, 1.687e-04, 6.138e+02, 1.035e-01, 6.192e-01, -7.805e-03, 0.000e+00, 0.000e+00
2.435e-01, 1.000e-03, 2.218e-04, 6.133e+02, 1.360e-01, 6.136e-01, -7.798e-03, 0.000e+00, 0.000e+00
2.440e-01, 9.894e-04, 2.746e-04, 6.128e+02, 1.683e-01, 6.063e-01, -7.791e-03, 0.000e+00, 0.000e+00
2.445e-01, 9.756e-04, 3.269e-04, 6.122e+02, 2.002e-01, 5.973e-01, -7.784e-03, 0.000e+00, 0.000e+00
2.450e-01, 9.589e-04, 3.786e-04, 6.117e+02, 2.316e-01, 5.866e-01, -7.777e-03, 0.000e+00, 0.000e+00
2.455e-01, 9.396e-04, 4.295e-04, 6.112e+02, 2.625e-01, 5.742e-01, -7.770e-03, 0.000e+00, 0.000e+00
2.460e-01, 9.174e-04, 4.794e-04, 6.106e+02, 2.927e-01, 5.602e-01, -7.763e-03, 0.000e+00, 0.000e+00
2.465e-01, 8.926e-04, 5.283e-04, 6.101e+02, 3.223e-01, 5.446e-01, -7.756e-03, 0.000e+00, 0.000e+00
2.470e-01, 8.731e-04, 5.627e-04, 6.097e+02, 3.431e-01, 5.324e-01, -7.751e-03, 0.000e+00, 0.000e+00
2.475e-01, 8.443e-04, 6.088e-04, 6.092e+02, 3.708e-01, 5.143e-01, -7.744e-03, 0.000e+00, 0.000e+00
2.480e-01, 8.129e-04, 6.533e-04, 6.087e+02, 3.977e-01, 4.948e-01, -7.737e-03, 0.000e+00, 0.000e+00
2.485e-01, 7.792e-04, 6.964e-04, 6.081e+02, 4.235e-01, 4.738e-01, -7.731e-03, 0.000e+00, 0.000e+00
2.490e-01, 7.431e-04, 7.378e-04, 6.076e+02, 4.483e-01, 4.515e-01, -7.724e-03, 0.000e+00, 0.000e+00
2.495e-01, 7.047e-04, 7.773e-04, 6.071e+02, 4.719e-01, 4.278e-01, -7.717e-03, 0.000e+00, 0.000e+00
2.500e-01, 6.641e-04, 8.150e-04, 6.065e+02, 4.943e-01, 4.028e-01, -7.710e-03, 0.000e+00, 0.000e+00
2.505e-01, 6.226e-04, 8.497e-04, 6.060e+02, 5.149e-01, 3.773e-01, -7.703e-03, 0.000e+00, 0.000e+00
2.510e-01, 5.798e-04, 8.819e-04, 6.055e+02, 5.340e-01, 3.511e-01, -7.697e-03, 0.000e+00, 0.000e+00
2.515e-01, 5.351e-04, 9.121e-04, 6.050e+02, 5.518e-01, 3.238e-01, -7.690e-03, 0.000e+00, 0.000e+00
2.520e-01, 4.889e-04, 9.400e-04, 6.045e+02, 5.682e-01, 2.955e-01, -7.683e-03, 0.000e+00, 0.000e+00
2.525e-01, 4.273e-04, 9.724e-04, 6.039e+02, 5.872e-01, 2.580e-01, -7.675e-03, 0.000e+00, 0.000e+00
2.530e-01, 3.785e-04, 9.946e-04, 6.034e+02, 6.001e-01, 2.284e-01, -7.668e-03, 0.000e+00, 0.000e+00
2.535e-01, 3.285e-04, 1.014e-03, 6.029e+02, 6.115e-01, 1.980e-01, -7.662e-03, 0.000e+00, 0.000e+00
2.540e-01, 2.774e-04, 1.032e-03, 6.023e+02, 6.214e-01, 1.671e-01, -7.655e-03, 0.000e+00, 0.000e+00
2.545e-01, 2.253e-04, 1.046e-03, 6.018e+02, 6.297e-01, 1.356e-01, -7.649e-03, 0.000e+00, 0.000e+00
2.550e-01, 1.723e-04, 1.058e-03, 6.013e+02, 6.365e-01, 1.036e-01, -7.642e-03, 0.000e+00, 0.000e+00
2.555e-01, 1.187e-04, 1.068e-03, 6.008e+02, 6.416e-01, 7.131e-02, -7.636e-03, 0.000e+00, 0.000e+00
2.560e-01, 6.446e-05, 1.075e-03, 6.003e+02, 6.451e-01, 3.870e-02, -7.629e-03, 0.000e+00, 0.000e+00
2.565e-01, 9.807e-06, 1.079e-03, 5.998e+02, 6.470e-01, 5.883e-03, -7.623e-03, 0.000e+00, 0.000e+00
2.570e-01, -4.513e-05, 1.080e-03, 5.993e+02, 6.471e-01, -2.705e-02, -7.616e-03, 0.000e+00, 0.000e+00
2.575e-01, -1.013e-04, 1.078e-03, 5.988e+02, 6.456e-01, -6.065e-02, -7.610e-03, 0.000e+00, 0.000e+00
2.580e-01, -1.579e-04, 1.073e-03, 5.983e+02, 6.422e-01, -9.450e-02, -7.603e-03, 0.000e+00, 0.000e+00
2.585e-01, -2.145e-04, 1.066e-03, 5.978e+02, 6.371e-01, -1.282e-01, -7.596e-03, 0.000e+00, 0.000e+00
2.590e-01, -2.706e-04, 1.055e-03, 5.973e+02, 6.302e-01, -1.617e-01, -7.589e-03, 0.000e+00, 0.000e+00
2.595e-01, -3.264e-04, 1.041e-03, 5.968e+02, 6.215e-01, -1.948e-01, -7.583e-03, 0.000e+00, 0.000e+00
2.600e-01, -3.814e-04, 1.025e-03, 5.963e+02, 6.111e-01, -2.274e-01, -7.576e-03, 0.000e+00, 0.000e+00
2.605e-01, -4.357e-04, 1.005e-03, 5.957e+02, 5.989e-01, -2.596e-01, -7.569e-03, 0.000e+00, 0.000e+00
2.610e-01, -4.891e-04, 9.829e-04, 5.952e+02, 5.851e-01, -2.911e-01, -7.563e-03, 0.000e+00, 0.000e+00
2.615e-01, -5.414e-04, 9.576e-04, 5.947e+02, 5.695e-01, -3.220e-01, -7.556e-03, 0.000e+00, 0.000e+00
2.620e-01, -5.924e-04, 9.295e-04, 5.942e+02, 5.523e-01, -3.520e-01, -7.549e-03, 0.000e+00, 0.000e+00
2.625e-01, -6.279e-04, 9.078e-04, 5.938e+02, 5.391e-01, -3.729e-01, -7.544e-03, 0.000e+00, 0.000e+00
2.630e-01, -6.758e-04, 8.755e-04, 5.933e+02, 5.195e-01, -4.009e-01, -7.538e-03, 0.000e+00, 0.000e+00
2.635e-01, -7.220e-04, 8.406e-04, 5.928e+02, 4.983e-01, -4.280e-01, -7.531e-03, 0.000e+00, 0.000e+00
2.640e-01, -7.665e-04, 8.032e-04, 5.923e+02, 4.758e-01, -4.540e-01, -7.525e-03, 0.000e+00, 0.000e+00
2.645e-01, -8.092e-04, 7.634e-04, 5.918e+02, 4.518e-01, -4.789e-01, -7.518e-03, 0.000e+00, 0.000e+00
2.650e-01, -8.499e-04, 7.212e-04, 5.913e+02, 4.265e-01, -5.025e-01, -7.512e-03, 0.000e+00, 0.000e+00
2.655e-01, -8.879e-04, 6.774e-04, 5.908e+02, 4.002e-01, -5.246e-01, -7.505e-03, 0.000e+00, 0.000e+00
2.660e-01, -9.229e-04, 6.327e-04, 5.903e+02, 3.735e-01, -5.448e-01, -7.499e-03, 0.000e+00, 0.000e+00
2.665e-01, -9.557e-04, 5.860e-04, 5.898e+02, 3.456e-01, -5.637e-01, -7.492e-03, 0.000e+00, 0.000e+00
2.670e-01, -9.862e-04, 5.375e-04, 5.893e+02, 3.168e-01, -5.812e-01, -7.486e-03, 0.000e+00, 0.000e+00
2.675e-01, -1.022e-03, 4.727e-04, 5.887e+02, 2.783e-01, -6.016e-01, -7.478e-03, 0.000e+00, 0.000e+00
2.680e-01, -1.046e-03, 4.215e-04, 5.882e+02, 2.480e-01, -6.155e-01, -7.471e-03, 0.000e+00, 0.000e+00
2.685e-01, -1.068e-03, 3.690e-04, 5.877e+02, 2.169e-01, -6.279e-01, -7.465e-03, 0.000e+00, 0.000e+00
2.690e-01, -1.088e-03, 3.152e-04, 5.873e+02, 1.851e-01, -6.387e-01, -7.459e-03, 0.000e+00, 0.000e+00
2.695e-01, -1.104e-03, 2.604e-04, 5.868e+02, 1.528e-01, -6.479e-01, -7.453e-03, 0.000e+00, 0.000e+00
2.700e-01, -1.118e-03, 2.046e-04, 5.863e+02, 1.199e-01, -6.555e-01, -7.446e-03, 0.000e+00, 0.000e+00
2.705e-01, -1.129e-03, 1.480e-04, 5.858e+02, 8.667e-02, -6.614e-01, -7.440e-03, 0.000e+00, 0.000e+00
2.710e-01, -1.137e-03, 9.070e-05, 5.853e+02, 5.309e-02, -6.657e-01, -7.434e-03, 0.000e+00, 0.000e+00
2.715e-01, -1.143e-03, 3.293e-05, 5.849e+02, 1.926e-02, -6.682e-01, -7.428e-03, 0.000e+00, 0.000e+00
2.720e-01, -1.145e-03, -2.519e-05, 5.844e+02, -1.472e-02, -6.690e-01, -7.421e-03, 0.000e+00, 0.000e+00
2.725e-01, -1.144e-03, -8.402e-05, 5.839e+02, -4.906e-02, -6.681e-01, -7.415e-03, 0.000e+00, 0.000e+00
2.730e-01, -1.141e-03, -1.441e-04, 5.834e+02, -8.408e-02, -6.654e-01, -7.409e-03, 0.000e+00, 0.000e+00
2.735e-01, -1.134e-03, -2.041e-04, 5.829e+02, -1.190e-01, -6.608e-01, -7.402e-03, 0.000e+00, 0.000e+00
2.740e-01, -1.123e-03, -2.638e-04, 5.824e+02, -1.536e-01, -6.543e-01, -7.396e-03, 0.000e+00, 0.000e+00
2.745e-01, -1.110e-03, -3.231e-04, 5.819e+02, -1.880e-01, -6.461e-01, -7.389e-03, 0.000e+00, 0.000e+00
2.750e-01, -1.094e-03, -3.817e-04, 5.814e+02, -2.219e-01, -6.360e-01, -7.383e-03, 0.000e+00, 0.000e+00
2.755e-01, -1.074e-03, -4.396e-04, 5.809e+02, -2.554e-01, -6.241e-01, -7.376e-03, 0.000e+00, 0.000e+00
2.760e-01, -1.052e-03, -4.965e-04, 5.804e+02, -2.882e-01, -6.104e-01, -7.370e-03, 0.000e+00, 0.000e+00
2.765e-01, -1.026e-03, -5.524e-04, 5.799e+02, -3.203e-01, -5.950e-01, -7.364e-03, 0.000e+00, 0.000e+00
2.770e-01, -9.974e-04, -6.070e-04, 5.794e+02, -3.517e-01, -5.779e-01, -7.357e-03, 0.000e+00, 0.000e+00
2.775e-01, -9.658e-04, -6.602e-04, 5.789e+02, -3.822e-01, -5.591e-01, -7.351e-03, 0.000e+00, 0.000e+00
2.780e-01, -9.418e-04, -6.966e-04, 5.786e+02, -4.031e-01, -5.449e-01, -7.346e-03, 0.000e+00, 0.000e+00
2.785e-01, -9.059e-04, -7.463e-04, 5.781e+02, -4.314e-01, -5.237e-01, -7.340e-03, 0.000e+00, 0.000e+00
2.790e-01, -8.673e-04, -7.941e-04, 5.776e+02, -4.587e-01, -5.010e-01, -7.333e-03, 0.000e+00, 0.000e+00
2.795e-01, -8.261e-04, -8.401e-04, 5.771e+02, -4.848e-01, -4.768e-01, -7.327e-03, 0.000e+00, 0.000e+00
2.800e-01, -7.824e-04, -8.840e-04, 5.766e+02, -5.097e-01, -4.511e-01, -7.321e-03, 0.000e+00, 0.000e+00
2.805e-01, -7.362e-04, -9.257e-04, 5.762e+02, -5.333e-01, -4.242e-01, -7.314e-03, 0.000e+00, 0.000e+00
2.810e-01, -6.896e-04, -9.636e-04, 5.757e+02, -5.548e-01, -3.970e-01, -7.308e-03, 0.000e+00, 0.000e+00
2.815e-01, -6.409e-04, -9.993e-04, 5.752e+02, -5.748e-01, -3.686e-01, -7.302e-03, 0.000e+00, 0.000e+00
2.820e-01, -5.903e-04, -1.033e-03, 5.747e+02, -5.935e-01, -3.393e-01, -7.296e-03, 0.000e+00, 0.000e+00
2.825e-01, -5.222e-04, -1.072e-03, 5.741e+02, -6.154e-01, -2.998e-01, -7.288e-03, 0.000e+00, 0.000e+00
2.830e-01, -4.685e-04, -1.099e-03, 5.737e+02, -6.303e-01, -2.688e-01, -7.282e-03, 0.000e+00, 0.000e+00
2.835e-01, -4.134e-04, -1.123e-03, 5.732e+02, -6.437e-01, -2.370e-01, -7.276e-03, 0.000e+00, 0.000e+00
2.840e-01, -3.570e-04, -1.144e-03, 5.727e+02, -6.555e-01, -2.044e-01, -7.270e-03, 0.000e+00, 0.000e+00
2.845e-01, -2.993e-04, -1.163e-03, 5.723e+02, -6.657e-01, -1.713e-01, -7.264e-03, 0.000e+00, 0.000e+00
2.850e-01, -2.406e-04, -1.179e-03, 5.718e+02, -6.742e-01, -1.376e-01, -7.258e-03, 0.000e+00, 0.000e+00
2.855e-01, -1.810e-04, -1.192e-03, 5.714e+02, -6.810e-01, -1.034e-01, -7.252e-03, 0.000e+00, 0.000e+00
2.860e-01, -1.206e-04, -1.202e-03, 5.709e+02, -6.860e-01, -6.886e-02, -7.246e-03, 0.000e+00, 0.000e+00
2.865e-01, -5.965e-05, -1.208e-03, 5.704e+02, -6.893e-01, -3.403e-02, -7.240e-03, 0.000e+00, 0.000e+00
2.870e-01, 1.740e-06, -1.212e-03, 5.700e+02, -6.909e-01, 9.916e-04, -7.234e-03, 0.000e+00, 0.000e+00
2.875e-01, 6.341e-05, -1.213e-03, 5.695e+02, -6.907e-01, 3.611e-02, -7.228e-03, 0.000e+00, 0.000e+00
2.880e-01, 1.269e-04, -1.210e-03, 5.690e+02, -6.886e-01, 7.219e-02, -7.222e-03, 0.000e+00, 0.000e+00
2.885e-01, 1.905e-04, -1.204e-03, 5.685e+02, -6.846e-01, 1.083e-01, -7.216e-03, 0.000e+00, 0.000e+00
2.890e-01, 2.538e-04, -1.195e-03, 5.681e+02, -6.787e-01, 1.442e-01, -7.209e-03, 0.000e+00, 0.000e+00
2.895e-01, 3.168e-04, -1.182e-03, 5.676e+02, -6.709e-01, 1.798e-01, -7.203e-03, 0.000e+00, 0.000e+00
2.900e-01, 3.791e-04, -1.166e-03, 5.671e+02, -6.612e-01, 2.150e-01, -7.197e-03, 0.000e+00, 0.000e+00
2.905e-01, 4.407e-04, -1.147e-03, 5.666e+02, -6.497e-01, 2.497e-01, -7.191e-03, 0.000e+00, 0.000e+00
2.910e-01, 5.014e-04, -1.124e-03, 5.662e+02, -6.363e-01, 2.839e-01, -7.185e-03, 0.000e+00, 0.000e+00
2.915e-01, 5.610e-04, -1.098e-03, 5.657e+02, -6.212e-01, 3.174e-01, -7.179e-03, 0.000e+00, 0.000e+00
2.920e-01, 6.194e-04, -1.069e-03, 5.652e+02, -6.042e-01, 3.501e-01, -7.172e-03, 0.000e+00, 0.000e+00
2.925e-01, 6.762e-04, -1.037e-03, 5.647e+02, -5.855e-01, 3.819e-01, -7.166e-03, 0.000e+00, 0.000e+00
2.930e-01, 7.316e-04, -1.001e-03, 5.643e+02, -5.650e-01, 4.128e-01, -7.160e-03, 0.000e+00, 0.000e+00
2.935e-01, 7.689e-04, -9.751e-04, 5.639e+02, -5.499e-01, 4.336e-01, -7.156e-03, 0.000e+00, 0.000e+00
2.940e-01, 8.203e-04, -9.354e-04, 5.635e+02, -5.270e-01, 4.622e-01, -7.150e-03, 0.000e+00, 0.000e+00
2.945e-01, 8.698e-04, -8.929e-04, 5.630e+02, -5.027e-01, 4.897e-01, -7.144e-03, 0.000e+00, 0.000e+00
2.950e-01, 9.171e-04, -8.477e-04, 5.625e+02, -4.768e-01, 5.159e-01, -7.137e-03, 0.000e+00, 0.000e+00
2.955e-01, 9.621e-04, -7.998e-04, 5.621e+02, -4.496e-01, 5.408e-01, -7.131e-03, 0.000e+00, 0.000e+00
2.960e-01, 1.004e-03, -7.507e-04, 5.616e+02, -4.216e-01, 5.638e-01, -7.125e-03, 0.000e+00, 0.000e+00
2.965e-01, 1.043e-03, -7.000e-04, 5.612e+02, -3.928e-01, 5.851e-01, -7.120e-03, 0.000e+00, 0.000e+00
2.970e-01, 1.079e-03, -6.472e-04, 5.607e+02, -3.629e-01, 6.049e-01, -7.114e-03, 0.000e+00, 0.000e+00
2.975e-01, 1.122e-03, -5.758e-04, 5.601e+02, -3.225e-01, 6.284e-01, -7.106e-03, 0.000e+00, 0.000e+00
2.980e-01, 1.152e-03, -5.197e-04, 5.597e+02, -2.909e-01, 6.445e-01, -7.100e-03, 0.000e+00, 0.000e+00
2.985e-01, 1.178e-03, -4.620e-04, 5.592e+02, -2.584e-01, 6.589e-01, -7.094e-03, 0.000e+00, 0.000e+00
2.990e-01, 1.202e-03, -4.029e-04, 5.588e+02, -2.251e-01, 6.718e-01, -7.089e-03, 0.000e+00, 0.000e+00
2.995e-01, 1.223e-03, -3.424e-04, 5.583e+02, -1.912e-01, 6.830e-01, -7.083e-03, 0.000e+00, 0.000e+00
3.000e-01, 1.241e-03, -2.807e-04, 5.579e+02, -1.566e-01, 6.924e-01, -7.077e-03, 0.000e+00, 0.000e+00
